1 0 0
1 0 0
1 -0.000566339 0.000270599
0.999999 -0.00115261 0.000834968
0.999998 -0.00166833 0.00121739
0.999997 -0.00173697 0.00144837
0.999997 -0.00185759 0.00148352
0.999997 -0.00183766 0.00142227
0.999997 -0.00191674 0.00143194
0.999993 -0.00313481 0.0020675
0.999992 -0.00346227 0.00207403
0.999995 -0.00277243 0.00131155
0.999997 -0.00224793 0.00118035
0.999996 -0.00235713 0.00121328
0.999997 -0.00205352 0.00110071
0.999997 -0.00209696 0.00106961
0.999997 -0.00218366 0.00109083
0.999997 -0.00221301 0.00107394
0.999997 -0.00223927 0.00109109
0.999997 -0.00216713 0.00111397
0.999997 -0.00217807 0.00113289
0.999997 -0.0022077 0.00107427
0.999997 -0.00228235 0.00105965
0.999997 -0.00227122 0.00105071
0.999997 -0.00237407 0.00111906
0.999996 -0.00239256 0.00113545
0.999996 -0.00261645 0.00124626
0.999994 -0.00296961 0.00168636
0.999993 -0.00330017 0.00180722
0.999991 -0.00347769 0.00236932
0.999987 -0.00416353 0.00308458
0.999987 -0.00420256 0.00295528
0.999991 -0.00337284 0.00259871
0.999984 -0.00427203 0.00363446
0.999974 -0.00497579 0.00519616
0.999972 -0.00522593 0.00542498
0.999971 -0.00591364 0.00482903
0.999971 -0.00591364 0.00482903
0.999985 -0.00499682 0.00218251
0.99998 -0.00570779 0.00288597
0.999947 -0.00825816 0.00619724
0.999948 -0.00839669 0.00580455
0.999974 -0.00525934 0.00486531
0.999963 -0.00625423 0.00592023
0.99995 -0.00733106 0.00681262
0.99995 -0.00751551 0.00663392
0.999957 -0.00700764 0.00602991
0.999951 -0.00754333 0.00633829
0.999942 -0.00851859 0.0066159
0.999942 -0.00885913 0.00617876
0.999941 -0.00906368 0.00595108
0.999962 -0.00748676 0.00457419
0.999967 -0.0077581 0.00242877
0.999986 -0.0053229 0.000804391
0.999982 -0.0060184 -0.000271148
0.999972 -0.00736395 0.000941074
0.999962 -0.00872154 -0.000891362
0.999975 -0.00547237 -0.00440477
0.999975 -0.00547237 -0.00440477
0.999966 -0.00650119 -0.00504904
0.999963 -0.00181162 -0.00835383
0.999963 -0.00181162 -0.00835383
0.999957 -0.0018035 -0.00913562
0.999941 0.000208173 -0.0108339
0.999932 -4.7547e-05 -0.0116402
0.99994 -0.00100393 -0.0108976
0.99994 -0.00100393 -0.0108976
0.999928 0.00186352 -0.0118518
0.999901 0.00467424 -0.0132578
0.999891 0.00551924 -0.0137028
0.999876 0.00651165 -0.014323
0.999876 0.00651165 -0.014323
0.999874 0.0061886 -0.0146441
0.999874 0.0061886 -0.0146441
0.999883 0.00575351 -0.0141616
0.999883 0.00575351 -0.0141616
0.999884 0.00551702 -0.0141692
0.999853 0.00834853 -0.0149511
0.999853 0.00834853 -0.0149511
0.999844 0.00932042 -0.0150101
0.999782 0.0122959 -0.0168804
0.999766 0.0113809 -0.0183846
0.999665 0.0140902 -0.0217066
0.999665 0.0140902 -0.0217066
0.999665 0.0140902 -0.0217066
0.999665 0.0140902 -0.0217066
0.999665 0.0140902 -0.0217066
0.999665 0.0140902 -0.0217066
0.999655 0.0144937 -0.0219009
0.999618 0.0141312 -0.023765
0.999622 0.0139246 -0.023693
0.999578 0.0144842 -0.0251889
0.999512 0.0152347 -0.0272822
0.999516 0.0144219 -0.0275586
0.999511 0.0139168 -0.0279935
0.999511 0.0139168 -0.0279935
0.99948 0.0134876 -0.0293017
0.99948 0.0134876 -0.0293017
0.999484 0.0127801 -0.0294586
0.999399 0.0137472 -0.0318164
0.999358 0.013367 -0.0332503
0.999327 0.014557 -0.0336726
0.999343 0.0142445 -0.0333345
0.999385 0.0138041 -0.0322213
0.999398 0.0131295 -0.0321197
0.999371 0.0135238 -0.0327678
0.999378 0.0146644 -0.0320623
0.999401 0.0141613 -0.0315836
0.999334 0.0163821 -0.0325975
0.999204 0.0187037 -0.0352379
0.999204 0.0187037 -0.0352379
0.999061 0.0224474 -0.0370456
0.999074 0.0224111 -0.0367342
0.999074 0.0224111 -0.0367342
0.999074 0.0224111 -0.0367342
0.999074 0.0224111 -0.0367342
0.999074 0.0224111 -0.0367342
0.999056 0.0231392 -0.0367557
0.999067 0.0225199 -0.0368485
0.999067 0.0225199 -0.0368485
0.999097 0.02263 -0.0359643
0.999091 0.0225002 -0.0362072
0.999102 0.0221485 -0.0361234
0.999162 0.0209922 -0.0351504
0.999162 0.0209922 -0.0351504
0.999185 0.0206242 -0.0347091
0.999234 0.0194861 -0.0339379
0.999277 0.018623 -0.0331489
0.999336 0.0181552 -0.0316049
0.999367 0.0174499 -0.0310075
0.999367 0.0174499 -0.0310075
0.999367 0.0174499 -0.0310075
0.999433 0.015811 -0.0297222
0.999454 0.0143514 -0.0297679
0.999454 0.0143514 -0.0297679
0.999454 0.0143514 -0.0297679
0.999503 0.0132756 -0.0286019
0.999547 0.0121701 -0.0275308
0.999573 0.0107791 -0.0271452
0.999588 0.0095133 -0.0270789
0.999592 0.00954712 -0.026925
0.999624 0.008336 -0.0261108
0.999654 0.00774724 -0.0251253
0.999684 0.00655484 -0.0242794
0.99969 0.00704307 -0.0238749
0.99967 0.00748137 -0.0245867
0.99967 0.00748137 -0.0245867
0.99967 0.00748137 -0.0245867
0.99967 0.00748137 -0.0245867
0.99967 0.00748137 -0.0245867
0.999706 0.00654303 -0.023337
0.999706 0.00654303 -0.023337
0.999741 0.00590612 -0.0219737
0.999786 0.00414459 -0.0202881
0.999786 0.00414459 -0.0202881
0.999793 0.00403276 -0.0199565
0.999793 0.00403276 -0.0199565
0.999831 0.00279627 -0.0181839
0.999869 0.00449144 -0.0155521
0.999885 0.00441469 -0.014482
0.999922 0.00390048 -0.0118564
0.999935 0.00362172 -0.0108394
0.999944 0.00302475 -0.0101128
0.999972 0.00183114 -0.00720799
0.999962 0.0027355 -0.00827251
0.999925 0.00494691 -0.0112176
0.999911 0.00527946 -0.0122427
0.999946 0.00327676 -0.00985908
0.999973 0.000885552 -0.00724968
0.999977 0.000471652 -0.00670344
0.999978 0.000506649 -0.00655188
0.999978 0.000506649 -0.00655188
0.999978 0.000789319 -0.00654203
0.999977 0.000810327 -0.00666458
0.999978 0.000807062 -0.00665053
0.999977 0.000769296 -0.00674172
