1 0 0
1 -0.000518769 0.000616537
1 -0.000481503 0.000579252
1 -0.000481503 0.000579252
1 -0.000501074 0.000523926
1 -0.000523036 0.000830728
1 -0.000529469 0.000822525
0.999999 -0.00138353 0.000302508
0.999999 -0.00139225 0.000278841
0.999999 -0.00151256 0.000382883
0.999999 -0.00151487 0.000382233
0.999999 -0.00151487 0.000382233
0.999999 -0.00150075 0.000379635
0.999992 -0.00384451 -0.000790443
0.999992 -0.00384718 -0.000803046
0.999996 -0.00279086 -0.000350734
0.999996 -0.00279047 -0.000309636
0.999991 -0.0034944 -0.00221505
0.999991 -0.00348587 -0.00222437
0.999993 -0.00320831 -0.002044
0.999988 -0.00264171 -0.00400718
0.999988 -0.00264171 -0.00400718
0.999964 -0.000762434 -0.00846097
0.999919 -3.06216e-05 -0.01271
0.999843 0.00147788 -0.0176669
0.999821 0.00222167 -0.0188126
0.999821 0.00222167 -0.0188126
0.999814 0.00264514 -0.0191104
0.999835 0.0024031 -0.0180233
0.999833 0.00243585 -0.0181106
0.999835 0.00219146 -0.0180108
0.999835 0.00238899 -0.0179986
0.999834 0.00243074 -0.0180725
0.999846 0.00225086 -0.0174197
0.999893 0.00258934 -0.0143769
0.999893 0.00258934 -0.0143769
0.999915 0.00174325 -0.0129043
0.999822 0.00390874 -0.0184723
0.999683 0.00600371 -0.0244455
0.99964 0.00836873 -0.0254892
0.999637 0.00443197 -0.0265642
0.999637 0.00443197 -0.0265642
0.999584 0.00606954 -0.0282031
0.999803 0.0036031 -0.0195404
0.999803 0.0036031 -0.0195404
0.99973 0.00408243 -0.0228532
0.999649 0.0056072 -0.0259094
0.999663 0.0043761 -0.0255873
0.999619 0.00481506 -0.0271949
0.999597 0.0048295 -0.0279672
0.999588 0.00510626 -0.0282437
0.999582 0.00571078 -0.0283437
0.999585 0.00588195 -0.0282127
0.999637 0.00547435 -0.0263902
0.99966 0.00553764 -0.0254666
0.999662 0.00480631 -0.0255359
0.999668 0.00514526 -0.0252339
0.999705 0.00530461 -0.0236833
0.999708 0.00468435 -0.0237224
0.999646 0.0059919 -0.0259087
0.999646 0.0059919 -0.0259087
0.999743 0.00404204 -0.0223174
0.999817 0.00290257 -0.0189172
0.999856 0.00184617 -0.0168585
0.9998 0.00360979 -0.0196942
0.999779 0.00432482 -0.0205969
0.999865 0.00118634 -0.0163641
0.999914 0.00137761 -0.0130045
0.999924 0.000720282 -0.0123461
0.999932 0.000649084 -0.0116298
0.999946 -0.000408245 -0.010411
0.999948 -0.000215656 -0.0101478
0.999948 -0.00097588 -0.0101241
0.999948 -0.000282281 -0.0101633
0.999946 -0.000580703 -0.0104058
0.999964 -0.00121542 -0.00837622
0.999973 -0.00191169 -0.00705355
0.999973 -0.00191169 -0.00705355
0.999974 -0.00191126 -0.00698073
0.999978 -0.00322434 -0.00579037
0.999987 -0.00294508 -0.00424133
0.999979 -0.00263224 -0.0058603
0.999971 -0.00132143 -0.00750421
0.999958 -0.000860793 -0.00909203
0.999936 -0.000663694 -0.0112637
0.999936 -0.000663694 -0.0112637
0.999916 -4.32595e-06 -0.0129657
0.999912 -0.000529011 -0.0132656
