1 -0.000222357 0.000478757
0.999993 -0.00086446 0.00361195
0.999993 -0.00086446 0.00361195
0.999993 -0.00086446 0.00361195
0.999993 -0.00086446 0.00361195
0.999997 0.000490069 0.0023753
0.999997 0.000490069 0.0023753
0.999998 0.000693466 -0.00172838
0.999979 -0.000102255 -0.00640935
0.999979 -0.000102255 -0.00640935
0.999969 -0.000427316 -0.0078885
0.999973 -0.000163137 -0.00736713
0.99997 -0.000210565 -0.00777917
0.99997 -0.000467813 -0.00768377
0.999959 -0.00101467 -0.00902298
0.999962 -0.000850787 -0.00866702
0.999948 -0.00165759 -0.0100241
0.999944 -0.00143922 -0.0105117
0.999928 -0.00296368 -0.0116634
0.999924 -0.00329676 -0.0118496
0.99991 -0.00474582 -0.0125536
0.99991 -0.00474582 -0.0125536
0.99991 -0.00474582 -0.0125536
0.999914 -0.00487784 -0.0121483
0.999891 -0.00617058 -0.0134089
0.999869 -0.0049089 -0.015453
0.999869 -0.0049089 -0.015453
0.999872 -0.00461379 -0.015302
0.999872 -0.00461379 -0.015302
0.999874 -0.00430617 -0.015293
0.999873 -0.00368665 -0.0154954
0.999871 -0.00382392 -0.0156106
0.999875 -0.00286093 -0.0155469
0.999872 -0.00289259 -0.0157569
0.999861 -0.00302063 -0.0164132
0.999861 -0.00302063 -0.0164132
0.999856 -0.00349265 -0.0165956
0.999856 -0.00349265 -0.0165956
0.999781 -0.00146918 -0.0208922
0.999868 -0.00351728 -0.0158454
0.999904 -0.00382817 -0.0133427
0.999885 -0.00298901 -0.0148435
0.999903 -0.00237018 -0.0137551
0.999903 -0.00237018 -0.0137551
0.999913 -0.002395 -0.0129972
0.999909 -0.00255749 -0.0132704
0.99991 -0.00238368 -0.0132085
0.99991 -0.00238368 -0.0132085
0.999885 -0.0019214 -0.0150238
0.999887 -0.00207708 -0.014885
0.999894 -0.0019637 -0.0143926
0.999885 -0.00186139 -0.0150299
0.999885 -0.00186139 -0.0150299
0.999907 -0.000801618 -0.0136306
0.999906 -0.000343708 -0.0137199
0.999882 0.000100288 -0.0153646
0.999886 0.000469861 -0.0151044
0.999881 0.000569672 -0.0154156
0.999883 0.00103021 -0.0152805
0.999896 0.00147665 -0.0143706
0.999896 0.00147665 -0.0143706
0.999875 0.00228233 -0.0156458
0.999875 0.00228233 -0.0156458
0.999877 0.00212144 -0.0155424
0.999877 0.00212144 -0.0155424
0.999889 0.00262732 -0.0146896
0.999877 0.00299183 -0.0154142
0.999841 0.00362405 -0.0174412
0.999829 0.00489682 -0.0178059
0.999848 0.00385475 -0.0170136
0.999848 0.00385475 -0.0170136
0.999851 0.00407468 -0.0167797
0.99984 0.00456872 -0.0172902
0.999847 0.00450312 -0.0169306
0.999847 0.00450312 -0.0169306
0.99985 0.00410913 -0.0168279
0.99985 0.00410913 -0.0168279
0.999839 0.005239 -0.0171828
0.999847 0.00527218 -0.0167029
0.999862 0.0050085 -0.015834
0.999898 0.00491674 -0.0133906
0.99988 0.00538098 -0.0145283
0.999857 0.00587948 -0.0158482
0.999857 0.00587948 -0.0158482
0.999857 0.00587948 -0.0158482
0.999857 0.00587948 -0.0158482
0.999929 0.00781888 -0.00903123
0.999953 0.00605175 -0.00755572
0.999931 0.00689364 -0.00946075
0.999931 0.00689364 -0.00946075
0.999931 0.00689364 -0.00946075
0.999902 0.00747956 -0.0118565
0.999922 0.00797771 -0.00958411
0.999932 0.00711636 -0.00922847
0.999936 0.00619037 -0.00944379
0.999937 0.00412094 -0.0104857
0.999937 0.00412094 -0.0104857
0.999944 0.00271035 -0.0101878
0.99994 0.00241797 -0.0106666
0.99994 0.00241797 -0.0106666
0.99994 0.00241797 -0.0106666
0.99994 0.00241797 -0.0106666
0.999957 0.00232418 -0.00893121
0.999957 0.00177344 -0.00913752
0.99993 0.00137295 -0.0117287
0.999923 0.000564208 -0.0124304
0.999938 -0.0006871 -0.0111115
0.999938 -0.0006871 -0.0111115
0.999923 -0.000809467 -0.0124032
0.999906 -0.000726021 -0.0136768
0.999913 -0.000250742 -0.0131774
0.999897 -0.000957164 -0.0142886
0.999813 0.000596486 -0.0193374
0.999827 0.000864696 -0.0185742
0.999835 0.00200371 -0.0180514
0.999832 0.00145903 -0.0182979
0.99988 0.000214263 -0.0155189
0.999943 0.000106209 -0.0106909
0.99997 0.00077013 -0.00766522
0.99997 0.00077013 -0.00766522
0.999982 -0.000975026 -0.00594945
0.999965 0.000251995 -0.0083739
0.999976 -0.00181814 -0.00669039
0.999976 -0.00181814 -0.00669039
0.999985 -0.0018694 -0.00507817
0.999993 -0.00356245 -0.00141916
0.999993 -0.00356245 -0.00141916
0.999993 -0.00356245 -0.00141916
0.999992 -0.00392813 0.00106389
0.999988 -0.00497867 0.000393885
0.999986 -0.00389557 -0.0036558
0.999975 -0.003123 -0.00629186
0.999981 -0.00609702 8.0157e-05
0.999981 -0.00609702 8.0157e-05
0.999981 -0.00609702 8.0157e-05
0.99996 -0.00786246 0.00425576
0.99996 -0.00786246 0.00425576
0.99996 -0.0086319 0.00254378
0.999962 -0.0083962 0.00244024
0.999942 -0.010295 0.00318958
0.999851 -0.0132632 0.0110699
0.999758 -0.0175633 0.0132097
0.999808 -0.0179689 0.00783764
0.999797 -0.0192685 0.00588983
0.999777 -0.0207196 0.00418914
0.999777 -0.0207196 0.00418914
0.999766 -0.0210316 0.00510594
0.999779 -0.0208187 0.0028433
0.999779 -0.0208187 0.0028433
0.999787 -0.0205974 0.00105505
0.999787 -0.0205974 0.00105505
0.999777 -0.0211255 -0.000234696
0.999731 -0.0225898 -0.00521477
0.999731 -0.0225898 -0.00521477
0.999681 -0.024342 -0.00678608
0.999671 -0.0248564 -0.00626283
0.999671 -0.0248564 -0.00626283
0.999663 -0.0246826 -0.00809918
0.999663 -0.0246826 -0.00809918
0.999676 -0.0240721 -0.00831214
0.99961 -0.0249747 -0.0125074
0.999579 -0.0251652 -0.0144306
0.99944 -0.0271811 -0.0195182
0.999421 -0.024909 -0.0231865
0.999318 -0.0237186 -0.0282861
0.999249 -0.0241801 -0.0302746
0.999267 -0.0239556 -0.0298515
0.999216 -0.0230585 -0.0321903
0.999043 -0.0220325 -0.0377927
0.998815 -0.0188208 -0.0448891
0.998653 -0.0180645 -0.0486341
0.998764 -0.0201733 -0.0454249
0.998575 -0.019406 -0.0497164
0.998256 -0.0166151 -0.0566422
0.998256 -0.0166151 -0.0566422
0.998318 -0.0171888 -0.0553759
0.998279 -0.0173436 -0.0560148
0.998279 -0.0173436 -0.0560148
0.998335 -0.0174245 -0.0549915
0.998308 -0.0161571 -0.0558489
0.998312 -0.0166254 -0.0556566
0.998306 -0.0166239 -0.0557498
0.998269 -0.0160921 -0.0565716
0.998262 -0.0158146 -0.0567648
0.998242 -0.015168 -0.0572895
0.998237 -0.0153507 -0.0573296
0.998237 -0.0153507 -0.0573296
0.998271 -0.0164286 -0.0564378
0.998069 -0.0162833 -0.0599434
0.997791 -0.0125903 -0.0652263
0.997833 -0.01305 -0.0644969
0.997833 -0.01305 -0.0644969
0.997847 -0.0134949 -0.0641828
0.997882 -0.0133731 -0.0636635
0.997782 -0.013526 -0.0651792
0.997844 -0.0139108 -0.0641426
0.997897 -0.0149166 -0.0630735
0.99788 -0.0146892 -0.0633976
0.997981 -0.0154702 -0.0615955
0.997984 -0.0153342 -0.0615798
0.99797 -0.0153026 -0.061825
0.998004 -0.0152377 -0.0612861
0.997942 -0.0153293 -0.0622619
0.997942 -0.0153293 -0.0622619
0.997938 -0.0154178 -0.0623015
0.997978 -0.0162435 -0.0614421
0.997978 -0.0162435 -0.0614421
0.997951 -0.0153902 -0.0621029
0.997951 -0.0153902 -0.0621029
0.997951 -0.0153902 -0.0621029
0.997958 -0.0158278 -0.0618813
0.997976 -0.0153837 -0.0617042
0.997958 -0.015267 -0.0620197
0.997925 -0.0154427 -0.0625013
0.997944 -0.0155402 -0.0621857
0.997936 -0.0155215 -0.0623058
0.997906 -0.0159463 -0.0626765
0.997828 -0.0134574 -0.0644875
0.997488 -0.01168 -0.0698642
0.99741 -0.0112794 -0.0710413
0.997365 -0.011263 -0.0716669
0.997351 -0.0109822 -0.0719066
0.997316 -0.0114245 -0.072319
0.99729 -0.0112716 -0.0726954
0.997159 -0.00933776 -0.0747432
0.997201 -0.01026 -0.0740594
0.997198 -0.00921907 -0.0742355
0.997142 -0.0082656 -0.0750936
0.996928 -0.0084137 -0.0778726
0.996908 -0.00799593 -0.0781673
0.996841 -0.00710771 -0.0791059
0.996869 -0.00750374 -0.0787169
0.996743 -0.00852736 -0.0801955
0.996706 -0.00788343 -0.0807202
0.996574 -0.00954765 -0.0821505
0.996487 -0.0086648 -0.0832985
0.996353 -0.00786468 -0.0849647
0.996318 -0.0083695 -0.0853226
0.996106 -0.00780834 -0.0878227
0.995944 -0.00759558 -0.0896518
0.995824 -0.00781498 -0.0909595
0.995798 -0.00500823 -0.0914437
0.995798 -0.00500823 -0.0914437
0.996187 -0.00950113 -0.0867213
0.996187 -0.00950113 -0.0867213
0.996538 -0.0131404 -0.0820978
0.996538 -0.0131404 -0.0820978
0.996763 -0.0155268 -0.0788762
0.9968 -0.0153123 -0.0784512
0.996911 -0.0152289 -0.0770436
0.996976 -0.0158578 -0.0760789
0.997086 -0.0156481 -0.0746579
0.997142 -0.0158162 -0.07387
0.997178 -0.0155349 -0.073452
0.997312 -0.0153523 -0.071646
0.997353 -0.0156407 -0.0710054
0.99744 -0.0156378 -0.0697786
0.997497 -0.0160253 -0.0688655
0.997567 -0.0159809 -0.0678511
0.99763 -0.0160782 -0.0669078
0.997638 -0.016371 -0.0667169
0.997632 -0.0163914 -0.0668008
0.997736 -0.0157666 -0.065385
0.997738 -0.0161022 -0.0652716
0.99772 -0.0161159 -0.0655312
0.997704 -0.0159311 -0.0658219
0.997672 -0.0163864 -0.0661938
0.997637 -0.0162841 -0.0667477
0.997621 -0.0148851 -0.067315
0.997621 -0.0148851 -0.067315
0.997673 -0.014807 -0.0665543
0.997715 -0.01474 -0.0659289
0.99779 -0.0152225 -0.0646743
0.997913 -0.0136545 -0.0631076
0.997907 -0.0142039 -0.0630869
0.997837 -0.0124894 -0.0645375
0.997814 -0.0120967 -0.0649733
0.997849 -0.0118149 -0.0644863
0.997837 -0.010213 -0.0649384
0.99783 -0.0105448 -0.0649901
0.997857 -0.0102554 -0.0646225
0.997866 -0.00988636 -0.0645456
0.997808 -0.00915988 -0.0655319
0.997828 -0.00890107 -0.0652629
0.997886 -0.00834835 -0.0644466
0.997765 -0.00614926 -0.0665428
0.997731 -0.00553747 -0.0671047
0.997597 -0.00501676 -0.0691006
0.997554 -0.00367736 -0.0697984
0.997473 -0.00461099 -0.0708977
0.997518 -0.00341323 -0.070323
0.997504 -0.00107008 -0.0706014
0.997499 -0.00063396 -0.0706743
0.997502 -0.000411464 -0.070632
0.997462 8.78703e-05 -0.0712003
0.997473 0.000301376 -0.0710427
0.997551 0.000218094 -0.0699401
0.997529 -0.000318647 -0.0702556
0.997407 0.000822319 -0.0719585
0.997607 -0.00261775 -0.0690841
0.99779 -0.00249793 -0.0664043
0.997775 -0.00215976 -0.0666417
0.997786 -0.00237425 -0.0664692
0.997774 -0.00251177 -0.0666376
0.997786 -0.00231979 -0.0664649
0.997783 -0.00236516 -0.0665061
0.997794 -0.00214669 -0.066355
0.997793 -0.00216716 -0.0663665
0.997787 -0.00230461 -0.0664555
0.997793 -0.00219563 -0.0663701
0.997776 -0.00254724 -0.06661
