1 0 0
1 -6.23051e-05 -8.12692e-05
1 -4.351e-05 -0.000235002
1 -0.000128542 -0.000225592
1 -0.000207909 -0.000186521
1 -0.000278698 -0.000388431
1 -6.53437e-05 -0.000136129
1 -0.000179204 -0.000198237
1 -0.000379758 -0.000335819
1 -0.000341842 -0.000426957
1 -0.000132082 -0.000496554
1 -0.000258532 -0.00074898
1 2.19405e-05 -0.00067921
1 -0.000135396 -0.000958878
0.999999 -0.000379004 -0.00121623
1 -4.88457e-05 -0.000901702
0.999999 -0.00028303 -0.00111648
0.999999 -0.000363367 -0.00107613
0.999999 -0.000141544 -0.00099658
0.999999 -0.000163708 -0.00102823
0.999999 -0.000397049 -0.00120841
0.999999 -0.000161189 -0.00106872
0.999999 -0.000112338 -0.00101605
0.999999 -0.000231445 -0.00108771
0.999999 -0.000351583 -0.00115135
1 -0.000103721 -0.000901893
1 -0.000207833 -0.000836689
1 -0.000316366 -0.000887425
1 -7.30939e-05 -0.000993947
1 0.000108274 -0.000423101
0.999999 0.000780193 0.0012275
0.999999 0.000216605 0.00108258
0.999997 0.000827263 0.00236609
0.999997 0.000864844 0.00242362
0.999989 -0.000788399 0.0046214
0.999983 -0.00217628 0.0054793
0.999983 -0.00217628 0.0054793
0.99997 -0.00279507 0.00716312
0.99997 -0.00279507 0.00716312
0.999961 -0.00241949 0.00849798
0.99991 -0.00508767 0.012442
0.999847 -0.00718475 0.0159255
0.999831 -0.00702848 0.0170018
0.999771 -0.00944871 0.0191898
0.999607 -0.0134099 0.0246043
0.999592 -0.0139761 0.0249127
0.999544 -0.0146264 0.0263985
0.999557 -0.0153439 0.0254976
0.999548 -0.0164076 0.0251901
0.999548 -0.0164076 0.0251901
0.999496 -0.01774 0.0263404
0.999496 -0.01774 0.0263404
0.999496 -0.01774 0.0263404
0.99956 -0.0172567 0.0241184
0.999527 -0.019313 0.0239175
0.999552 -0.0203282 0.0219786
0.999552 -0.0203282 0.0219786
0.999447 -0.0229436 0.0240639
0.999447 -0.0229436 0.0240639
0.999447 -0.0229436 0.0240639
0.999447 -0.0229436 0.0240639
0.999352 -0.0246971 0.0261904
0.999372 -0.0251213 0.0249714
0.999501 -0.0232603 0.0213875
0.999545 -0.0237738 0.018559
0.999545 -0.0237738 0.018559
0.999545 -0.0237738 0.018559
0.999546 -0.0233844 0.0189926
0.999537 -0.024242 0.0183689
0.999583 -0.0226575 0.0179006
0.999624 -0.0225199 0.0156251
0.999624 -0.0225199 0.0156251
0.999624 -0.0225199 0.0156251
0.999664 -0.0206153 0.0157305
0.999664 -0.0206153 0.0157305
0.999781 -0.0162276 0.0131821
0.999781 -0.0162276 0.0131821
0.999781 -0.0162276 0.0131821
0.999781 -0.0162276 0.0131821
0.999781 -0.0162276 0.0131821
0.999781 -0.0162276 0.0131821
0.999781 -0.0162276 0.0131821
0.999781 -0.0162276 0.0131821
0.999792 -0.0155807 0.0131806
0.999792 -0.0155807 0.0131806
0.999766 -0.0134306 0.016932
0.99979 -0.0124581 0.0162439
0.999838 -0.00617457 0.0168999
0.999838 -0.00617457 0.0168999
0.999838 -0.00617457 0.0168999
0.999838 -0.00617457 0.0168999
0.999824 -0.00433843 0.0182361
0.999831 -0.00358848 0.0180377
0.999833 -0.00314206 0.0179841
0.999827 -0.00336551 0.0182846
0.999814 -0.00451895 0.01873
0.99981 -0.00467007 0.0189397
0.999811 -0.00464473 0.0188899
0.999806 -0.00454072 0.019169
0.999788 -0.00383188 0.0202393
0.999783 -0.00395201 0.0204569
0.999785 -0.00380954 0.0203998
0.999791 -0.00404855 0.0200461
0.999805 -0.00466046 0.0191663
0.999822 -0.00428153 0.0183614
0.999832 -0.00241711 0.0181657
0.999836 -0.00261334 0.0179479
0.999833 -0.00244568 0.0181219
0.999833 -0.00246383 0.0181073
0.999834 -0.00249843 0.0180491
0.999834 -0.00251503 0.0180659
0.999834 -0.00253049 0.0180396
0.999834 -0.00256514 0.0180129
0.999835 -0.00259094 0.0179944
0.999835 -0.00259458 0.017971
