1 -1.50918e-05 8.59062e-06
1 -1.50918e-05 8.59062e-06
1 -7.00048e-05 3.00279e-06
1 3.53204e-06 6.55749e-07
1 -8.43517e-06 6.74217e-05
1 3.42923e-05 5.20302e-05
1 3.3829e-05 8.15883e-05
1 6.46263e-05 7.90792e-05
1 6.84293e-05 8.02196e-05
1 0.000102266 0.000118174
1 4.77948e-05 0.000100467
1 -1.21151e-06 4.22873e-05
1 1.19044e-05 5.88974e-05
1 -6.49142e-06 4.80555e-05
1 -3.45918e-06 4.72664e-05
1 2.90901e-05 5.90275e-05
0.999999 0.000658268 0.00131597
0.999997 0.000807401 0.00218268
0.999998 -0.00067838 0.00210491
0.999994 -0.00134628 0.00311189
0.999996 -0.00198688 0.00186098
1 -0.000745553 0.000173486
1 0.000380526 -0.000447331
1 0.000380526 -0.000447331
0.999996 -0.00119697 0.0025552
0.999996 -0.00119697 0.0025552
0.999996 -0.00119697 0.0025552
0.999996 -0.00119697 0.0025552
0.999996 -0.00119697 0.0025552
0.999996 -0.00119697 0.0025552
0.999996 -0.00119697 0.0025552
0.999996 -0.00119697 0.0025552
0.999994 -0.00160658 0.00298203
0.999997 -0.00135769 0.00199118
0.999994 -0.00144322 0.00319781
0.999991 -0.00230874 0.00357939
0.999991 -0.00230874 0.00357939
0.999985 -0.00313077 0.00454314
0.999983 -0.0038513 0.00441676
0.999983 -0.0038513 0.00441676
0.999963 -0.00505422 0.00696028
0.999965 -0.0059855 0.00590766
0.999962 -0.00557453 0.00671032
0.999958 -0.00591753 0.00695147
0.999951 -0.00622344 0.00770034
0.999939 -0.00731764 0.00829595
0.999936 -0.00731685 0.0086747
0.999941 -0.00607998 0.00905556
0.999941 -0.00611244 0.00899644
0.99995 -0.00571507 0.00817878
0.999946 -0.00644312 0.00818425
0.999943 -0.00646974 0.00844608
0.999946 -0.00589561 0.00853338
0.99994 -0.00614319 0.00902857
0.999947 -0.00570265 0.00857538
0.999946 -0.00557764 0.00881069
0.999945 -0.00545308 0.00901028
0.999951 -0.00485893 0.00864415
0.999938 -0.00520272 0.00984121
0.999954 -0.00589076 0.00751837
0.999981 -0.00469036 0.00406634
0.999962 -0.00588276 0.00642202
0.999962 -0.00588276 0.00642202
0.999957 -0.00574649 0.00722967
0.999978 -0.00467671 0.0046602
0.999984 -0.00476878 0.00308474
0.999986 -0.00419632 0.00329223
0.999979 -0.00519444 0.00385881
0.999973 -0.00595493 0.0043807
0.999974 -0.00631033 0.00348659
0.999981 -0.00621431 -0.000306126
0.999981 -0.00613972 -0.000464788
0.999974 -0.00700552 0.00181959
0.999964 -0.00719138 0.00444388
0.99996 -0.00727231 0.00517944
0.999942 -0.00753804 0.0076495
0.999893 -0.00913815 0.0114092
0.999893 -0.00913815 0.0114092
0.999893 -0.00913815 0.0114092
0.999893 -0.00913815 0.0114092
0.999853 -0.00987529 0.0140235
0.999853 -0.00987529 0.0140235
0.999853 -0.00987529 0.0140235
0.999893 -0.00950606 0.0110832
0.999851 -0.0103749 0.0137694
0.999851 -0.0103749 0.0137694
0.999851 -0.0103749 0.0137694
0.999883 -0.00975758 0.011754
0.999881 -0.0108829 0.0109125
0.999899 -0.00890917 0.0110396
0.999898 -0.0104479 0.00974061
0.99991 -0.00951144 0.00947172
0.999926 -0.00885058 0.00836205
0.999942 -0.0080462 0.00718255
0.999942 -0.0080462 0.00718255
0.999942 -0.00820838 0.00700939
0.999932 -0.00828205 0.00820081
0.999927 -0.00901104 0.00805092
0.999929 -0.00924917 0.00750575
0.999919 -0.0101295 0.00766172
0.999923 -0.0102277 0.00697532
0.999953 -0.00907507 0.00332064
0.999966 -0.00827582 -0.000136686
0.999966 -0.00827582 -0.000136686
0.999968 -0.00795722 0.00116656
0.999968 -0.00795722 0.00116656
0.999968 -0.00795722 0.00116656
0.999976 -0.00651714 -0.0022367
0.99998 -0.00568231 -0.00292805
0.999975 -0.00605507 -0.00364151
0.999975 -0.00373205 -0.00607121
0.999968 -0.00383562 -0.00706265
0.999977 -0.00487751 -0.00467725
0.999974 -0.0057143 -0.0044299
0.99997 -0.00640007 -0.00429379
0.999944 -0.00517154 -0.00927679
0.999944 -0.00517154 -0.00927679
0.999946 -0.00514398 -0.00907726
0.999939 -0.00382769 -0.0103285
0.999908 -0.00389149 -0.0129569
0.999914 -0.00323604 -0.012717
0.99991 -0.00286016 -0.0130715
0.999892 -0.00261998 -0.0144538
0.99986 -0.00205248 -0.0165817
0.999827 -0.00102932 -0.0185757
0.999844 -0.00225513 -0.0175467
0.99984 -0.00259692 -0.0176929
0.999846 -0.0026974 -0.0173536
0.999872 -0.00330727 -0.015656
0.999862 -0.00275528 -0.0164023
0.999834 -0.00177385 -0.0181087
0.999834 -0.00177385 -0.0181087
0.999862 -0.00489039 -0.0158614
0.999882 -0.00425538 -0.0147903
0.99993 -0.00556447 -0.010474
0.999954 -0.00532324 -0.00794213
0.999962 -0.00531623 -0.00686718
0.999961 -0.00532696 -0.00704349
0.999958 -0.00568605 -0.00722502
0.99996 -0.00546386 -0.00714817
0.999958 -0.00502613 -0.00764366
0.999947 -0.00611153 -0.00823019
0.999949 -0.00584235 -0.0082656
0.999947 -0.00585297 -0.00850409
0.999943 -0.00619518 -0.00872329
0.999947 -0.00582355 -0.00854796
0.999945 -0.00594239 -0.00861869
0.999947 -0.00578518 -0.00855715
