1 0.000470564 0.000174334
0.999998 -0.00133584 0.00137475
0.999997 -0.00169205 0.00164659
0.999998 -0.0013662 0.00131617
0.999999 -0.00155139 0.000664776
0.999998 -0.00178759 0.000348072
0.999999 -0.00163975 0.000511535
0.999999 -0.00163975 0.000511535
0.999999 -0.00163975 0.000511535
0.999998 -0.00155271 0.00142513
0.999995 -0.00274703 0.00180639
0.999994 -0.0032169 0.000920268
0.999996 -0.00283708 -0.000505668
0.999992 -0.00367908 -0.0015887
0.999987 -0.00439099 -0.00259587
0.999987 -0.00439099 -0.00259587
0.999987 -0.00439099 -0.00259587
0.999969 -0.00543265 -0.00567545
0.99995 -0.00702993 -0.00706903
0.999932 -0.00845941 -0.00800708
0.999921 -0.008075 -0.00966989
0.999921 -0.008075 -0.00966989
0.999903 -0.00807945 -0.0113227
0.999903 -0.00807945 -0.0113227
0.999871 -0.00815629 -0.0138484
0.999856 -0.00849804 -0.0147069
0.999843 -0.0094354 -0.0149826
0.999843 -0.0094354 -0.0149826
0.999828 -0.00924246 -0.0160617
0.999851 -0.0103289 -0.0138159
0.999841 -0.0115957 -0.013579
0.999841 -0.0115957 -0.013579
0.99982 -0.012904 -0.0139351
0.99982 -0.012904 -0.0139351
0.999802 -0.0126069 -0.0153874
0.999794 -0.0126024 -0.0159381
0.999794 -0.0126024 -0.0159381
0.999776 -0.0128415 -0.016823
0.999776 -0.0128415 -0.016823
0.999754 -0.0140181 -0.0172119
0.999754 -0.0140181 -0.0172119
0.999754 -0.0140181 -0.0172119
0.999754 -0.0140181 -0.0172119
0.999698 -0.0141594 -0.0200964
0.999698 -0.0141594 -0.0200964
0.999698 -0.0141594 -0.0200964
0.999667 -0.0142268 -0.0215057
0.999631 -0.0131776 -0.0237344
0.999597 -0.0129736 -0.0252594
0.99957 -0.0129095 -0.0263101
0.999509 -0.0140933 -0.0279997
0.99943 -0.0154858 -0.0299939
0.99944 -0.0156345 -0.0295843
0.999456 -0.0148794 -0.0294324
0.999452 -0.014689 -0.0296513
0.999444 -0.0141116 -0.0302099
0.999444 -0.0148889 -0.0298321
0.999495 -0.0136304 -0.0287021
0.999467 -0.0134002 -0.0297831
0.999441 -0.0149915 -0.0298908
0.999448 -0.0136984 -0.0302573
0.999355 -0.0123171 -0.0337243
0.999364 -0.0116304 -0.0337199
0.999452 -0.0112405 -0.0311301
0.999452 -0.0112405 -0.0311301
0.999452 -0.0112405 -0.0311301
0.999471 -0.0114551 -0.0304262
0.999398 -0.0130732 -0.0321448
0.999405 -0.013027 -0.0319499
0.999405 -0.013027 -0.0319499
0.999403 -0.013043 -0.0319964
0.999435 -0.0116257 -0.0315377
0.999435 -0.0116257 -0.0315377
0.999469 -0.0109012 -0.0306985
0.999469 -0.0109012 -0.0306985
0.999552 -0.0089839 -0.028541
0.999552 -0.0089839 -0.028541
0.999552 -0.0089839 -0.028541
0.999552 -0.0089839 -0.028541
0.999623 -0.0089662 -0.0259433
0.999623 -0.0089662 -0.0259433
0.999623 -0.0089662 -0.0259433
0.999676 -0.00817429 -0.0240967
0.999708 -0.00746896 -0.0229662
0.999776 -0.00762379 -0.0197333
0.999776 -0.00762379 -0.0197333
0.999734 -0.0129271 -0.0190849
0.999756 -0.00699019 -0.0209344
0.999778 -0.008357 -0.0193676
0.999798 -0.00809041 -0.0183934
0.999852 -0.0105853 -0.0135394
0.999884 -0.0127671 -0.00834253
0.999878 -0.0138717 -0.00716114
0.999869 -0.00936495 -0.0131849
0.999871 -0.00696188 -0.0144631
0.999905 -0.00621985 -0.0123103
0.999959 -0.00428098 -0.0079636
0.999959 -0.00428098 -0.0079636
0.999916 -0.00197152 -0.0128263
0.999916 -0.00197152 -0.0128263
0.999916 -0.00197152 -0.0128263
0.999969 -0.000929731 -0.00781499
0.999969 -0.000929731 -0.00781499
0.999954 0.00144284 -0.00946678
0.999939 0.00189057 -0.0108367
0.999948 0.00178023 -0.0100746
0.999975 0.00330968 -0.0061987
0.999979 0.00341367 -0.00557174
0.999986 0.00272431 -0.00452769
0.999993 0.00136144 -0.00341588
0.999999 0.00134754 -0.000649746
0.999999 0.00134754 -0.000649746
0.999997 0.00113087 -0.00231987
0.999993 0.00158864 -0.00346645
0.999987 0.00248715 -0.00452043
0.999978 0.0021712 -0.00621049
0.999971 0.00438765 -0.00625852
