1 4.12037e-05 6.71345e-07
1 7.22294e-05 -6.63261e-05
1 8.69647e-05 -6.5771e-05
1 8.30155e-05 -0.000104934
1 6.36977e-05 -0.000112904
1 7.09552e-05 -0.000134494
1 0.000114478 -0.000116637
1 8.90677e-05 -0.000144378
1 0.000111233 -0.000145044
1 0.000118293 -0.000183939
1 0.000141756 -0.000221095
1 0.000143946 -0.000234532
1 0.000161254 -0.000226398
1 0.000147563 -0.000258061
1 0.000172144 -0.00027901
1 0.000171149 -0.00028947
1 0.000195766 -0.000291683
1 0.000192276 -0.000307572
1 0.000156814 -0.000337243
1 0.000100597 -0.000394419
1 0.000436328 -0.000185826
1 0.000424933 -0.000181792
1 0.000469334 -0.000239824
1 0.000433612 -0.000244217
1 0.000447251 -0.000240651
1 0.000191721 -0.000347819
0.999945 0.00823221 -0.00648927
0.999628 0.0202902 -0.0182334
0.999617 0.0205269 -0.0185624
0.999809 0.0146253 -0.0129447
0.999947 0.00720648 -0.00728551
0.999959 0.00663219 -0.00611428
0.999959 0.00663219 -0.00611428
0.999956 0.00707449 -0.0061919
0.999962 0.00668318 -0.00568419
0.999994 0.0029561 -0.00196305
1 0.00044446 -0.00015661
1 0.000948017 7.93881e-05
1 0.000379096 -9.48211e-05
0.999992 0.0024402 -0.00308317
0.999995 0.00308975 -0.00114107
0.999999 -0.000244512 -0.00112779
0.999979 0.0033843 -0.00555628
0.999914 0.00865215 -0.00982677
0.999854 0.0134824 -0.0104936
0.999877 0.0105403 -0.0116251
0.999829 0.0133271 -0.0127895
0.999779 0.0146522 -0.0150815
0.999742 0.0159132 -0.0161893
0.999742 0.0159132 -0.0161893
0.999742 0.0159132 -0.0161893
0.999752 0.0156594 -0.0158271
0.999752 0.0156594 -0.0158271
0.999752 0.0156594 -0.0158271
0.999752 0.0156594 -0.0158271
0.999709 0.0173521 -0.0167542
0.999709 0.0173521 -0.0167542
0.999709 0.0173521 -0.0167542
0.999709 0.0173521 -0.0167542
0.999709 0.0173521 -0.0167542
0.999709 0.0173521 -0.0167542
0.999709 0.0173521 -0.0167542
0.999709 0.0173521 -0.0167542
0.999685 0.0189997 -0.0163796
0.999641 0.0210429 -0.0166099
0.9995 0.0263868 -0.0174052
0.999452 0.0279484 -0.0177233
0.999485 0.0272025 -0.0169962
0.999486 0.0271875 -0.0169745
0.999412 0.0293198 -0.0177571
0.999315 0.0318331 -0.0188712
0.999223 0.0334298 -0.0208616
0.999098 0.0356111 -0.0231498
0.999154 0.0344174 -0.022528
0.999189 0.0336319 -0.0221619
0.999042 0.0364646 -0.024206
0.998974 0.0371841 -0.0258468
0.998932 0.037994 -0.0263108
0.998862 0.0393536 -0.0269268
0.998864 0.0391059 -0.0272316
0.998864 0.0391059 -0.0272316
0.998775 0.0409235 -0.0278179
0.99879 0.0404624 -0.0279571
0.99879 0.0404624 -0.0279571
0.9986 0.0438483 -0.0295819
0.998411 0.0466197 -0.0316513
0.998451 0.0459413 -0.0313763
0.998451 0.0459413 -0.0313763
0.998451 0.0459413 -0.0313763
0.998451 0.0459413 -0.0313763
0.998451 0.0459413 -0.0313763
0.998451 0.0459413 -0.0313763
0.998451 0.0459413 -0.0313763
0.998451 0.0459413 -0.0313763
0.998451 0.0459413 -0.0313763
0.998451 0.0459413 -0.0313763
0.998451 0.0459413 -0.0313763
0.998451 0.0459413 -0.0313763
0.998628 0.0429849 -0.0299113
0.998628 0.0429849 -0.0299113
0.998762 0.0411698 -0.027918
0.998826 0.0401696 -0.027092
0.998815 0.0404741 -0.0270161
0.998946 0.0379608 -0.0258054
0.999009 0.0364682 -0.0255127
0.999009 0.0364682 -0.0255127
0.999052 0.0353001 -0.0254616
0.999326 0.0303407 -0.0206875
0.999438 0.0281026 -0.0182881
0.999588 0.0236672 -0.016216
0.999637 0.0225425 -0.0147737
0.999725 0.020258 -0.0118199
0.999804 0.0177084 -0.00885716
0.999878 0.0144031 -0.00611569
0.999903 0.0126991 -0.00570474
0.999947 0.00971481 -0.00348886
0.999883 0.0135764 -0.00701977
0.99973 0.0203494 -0.011261
0.999831 0.015849 -0.00935589
0.999895 0.0128326 -0.0066682
0.999889 0.0133187 -0.00670233
0.999858 0.0147585 -0.00816597
0.999858 0.0147585 -0.00816597
0.999866 0.0143479 -0.00783291
0.999878 0.0137677 -0.00737722
0.999889 0.0133447 -0.00668706
0.999897 0.012877 -0.00631048
0.999909 0.0121643 -0.00576439
0.999917 0.0117262 -0.00529931
0.999925 0.0111359 -0.00501348
0.999926 0.0111305 -0.00486061
0.999929 0.0109606 -0.00472685
0.999932 0.0107087 -0.0046279
0.999935 0.0104635 -0.00459484
0.999934 0.0105506 -0.00451551
0.999938 0.0102238 -0.00441437
