1 1.28915e-06 -7.4753e-05
1 -0.000368633 0.000143977
1 -0.000157235 0.000103261
1 -0.00021874 0.000183708
1 -5.55539e-05 0.00030878
1 -0.000239641 -1.14975e-05
1 -3.58091e-05 -0.000155669
1 -0.000212025 -0.000303705
1 -0.000299572 -0.000388416
1 -0.000299572 -0.000388416
1 -0.00038226 -0.000330671
1 -0.000494768 -0.000493431
1 -0.000690817 0.000411538
0.999998 -0.00114027 0.00132139
0.999998 -0.000807339 0.00180546
0.999998 -0.00119075 0.0015243
0.999998 -0.00159907 0.00125603
0.999998 -0.00101408 0.00178263
0.999998 -0.000573563 0.0018919
0.999996 -0.000664326 0.00269858
0.999997 -0.000328797 0.00251061
0.999994 -0.000276724 0.00356764
0.999994 0.000242427 0.00352649
0.999994 -0.000243131 0.00359269
0.999994 -0.000243131 0.00359269
0.999994 0.00307446 0.00150404
0.999997 0.00241833 7.52567e-05
0.999998 0.00214276 -0.000322358
0.999997 0.00226766 -0.000131834
0.999998 0.00174928 0.000341314
0.999998 0.00163967 0.0010368
0.999998 0.00192015 -0.000416492
0.999998 0.00177871 -0.000302514
1 0.000649243 -0.000142917
1 6.70904e-05 -0.000277443
0.999998 -0.000414053 0.00207273
0.999995 -0.00070595 0.00301346
0.999997 0.000144912 0.00254601
0.999997 0.00103383 0.0022514
0.999996 0.00142561 0.00244569
0.999997 0.00137402 0.00221591
0.999997 0.0018056 0.00186129
0.999996 0.00242294 0.00172641
0.999996 0.00245497 0.00164029
0.999995 0.00284209 0.00144307
0.999993 0.00329177 0.00167427
0.999994 0.0028921 0.0019457
0.999994 0.0028921 0.0019457
0.999993 0.00316448 0.00194202
0.999992 0.00341451 0.00220352
0.999992 0.00336714 0.00229774
0.99999 0.00380327 0.00252048
0.999988 0.00345565 0.00336341
0.999976 0.0026481 0.00638063
0.999972 0.0025958 0.00703047
0.999975 0.00282989 0.00655232
0.999967 0.00262066 0.00764614
0.999961 0.00252123 0.00845262
0.999964 0.00385501 0.00761175
0.999963 0.00494753 0.00699181
0.999954 0.00373535 0.00880666
0.999941 0.00500713 0.00965042
0.99995 0.00648455 0.00756478
0.99994 0.00643412 0.0089038
0.999916 0.00596695 0.0115061
0.999911 0.00583604 0.0119814
0.999904 0.00617098 0.0123666
0.999904 0.00617098 0.0123666
0.999904 0.00617098 0.0123666
0.999885 0.00680386 0.0135401
0.999881 0.00728634 0.0136302
0.999881 0.00728634 0.0136302
0.999881 0.00728634 0.0136302
0.999877 0.00770519 0.0136646
0.999877 0.00770519 0.0136646
0.999865 0.00783781 0.0144088
0.999858 0.00744128 0.0151328
0.999858 0.00744128 0.0151328
0.999862 0.00799054 0.0145701
0.999854 0.00699303 0.0155992
0.999857 0.00739875 0.0151999
0.999857 0.00739875 0.0151999
0.999837 0.00681762 0.0167476
0.999852 0.00779682 0.0153449
0.999859 0.00841384 0.0145403
0.999829 0.00746807 0.0169382
0.99979 0.00732065 0.0191338
0.999778 0.00818762 0.0194036
0.999777 0.00850661 0.0193229
0.999747 0.00810832 0.0209957
0.999715 0.00827095 0.0223821
0.999741 0.00870768 0.0210339
0.999741 0.00870768 0.0210339
0.999741 0.00870768 0.0210339
0.999752 0.00938529 0.0201796
0.999751 0.00912781 0.0203559
0.999753 0.00838356 0.020565
0.999757 0.00882784 0.0201795
0.999752 0.00895575 0.0203652
0.999759 0.00849054 0.020249
0.999762 0.00903227 0.0198418
0.999735 0.00891448 0.0212367
0.999707 0.00800467 0.0228633
0.999751 0.00883171 0.0204813
0.999711 0.00891977 0.0223219
0.999631 0.00770151 0.0260329
0.999734 0.00798867 0.02165
0.999828 0.00888732 0.016278
0.999828 0.00888732 0.016278
0.999828 0.00888732 0.016278
0.999828 0.00888732 0.016278
0.999811 0.00777851 0.0178328
0.999808 0.00807628 0.0178265
0.999805 0.00819632 0.0179489
0.999815 0.00825028 0.0174015
0.999823 0.00812434 0.016954
0.9998 0.00755024 0.0185065
0.999795 0.00744551 0.0188126
0.999817 0.00760682 0.0175667
0.99983 0.00758276 0.0168359
0.999826 0.00775639 0.0169922
0.999826 0.00775639 0.0169922
0.999832 0.00788764 0.0165157
0.999847 0.00757404 0.0157364
0.999822 0.00711802 0.0174487
0.999837 0.00712391 0.0165711
0.999855 0.00718907 0.0154487
0.99984 0.00680203 0.016545
0.999823 0.00617668 0.017772
0.999839 0.00698602 0.0165359
0.999837 0.00687214 0.0166891
0.999828 0.00673336 0.0172559
0.999823 0.00681867 0.0175466
0.99985 0.00635031 0.016121
0.999858 0.00577034 0.0158256
0.999853 0.00764603 0.0153288
0.999842 0.00715099 0.0162818
0.999842 0.00715099 0.0162818
0.999845 0.00677305 0.0162616
0.999845 0.00677305 0.0162616
0.999844 0.00577148 0.0166989
0.999829 0.00617565 0.0174204
0.999824 0.00624359 0.0176983
0.999848 0.00544474 0.0165602
0.999859 0.00566006 0.0158202
0.99991 0.00605245 0.0119934
0.999953 0.00828266 0.0050913
0.999952 0.00980632 0.000272754
0.999944 0.0104508 -0.00168506
0.999941 0.0107814 -0.00119598
0.999941 0.0108009 -0.000853126
0.999945 0.0103262 -0.00189336
