1 -4.2658e-06 -3.82998e-06
1 -4.2658e-06 -3.82998e-06
1 -9.39796e-05 1.78476e-05
1 -5.52857e-05 2.57042e-05
1 -0.000100672 -1.55138e-05
1 -5.35326e-05 3.26917e-05
1 -6.54352e-05 1.46601e-05
1 -4.27019e-05 2.16867e-05
1 -1.48113e-05 2.38812e-05
1 -6.66358e-05 7.91812e-06
1 -8.06158e-05 5.47069e-06
1 -8.4459e-05 -2.11777e-05
1 -0.00010418 -2.47534e-06
1 -6.30545e-05 -7.15291e-05
1 -4.36855e-05 -0.000159985
1 0.000653686 -0.000724383
0.999998 0.00192112 -0.000790509
0.999998 0.00141225 -0.00110125
0.999993 0.00134153 -0.00349855
0.999987 0.00137436 -0.00482647
0.999997 0.00237517 -0.000371142
0.99999 0.00340039 -0.00304404
0.999977 0.0030218 -0.00605796
0.999977 0.0034391 -0.00589271
0.999979 0.00370834 -0.00539337
0.999986 0.00390674 -0.00347829
0.999991 0.00208644 -0.00369741
0.99999 0.0023991 -0.00373972
0.999988 0.00248151 -0.00418171
0.999988 0.00284746 -0.00390909
0.999983 0.00456502 -0.00368366
0.999981 0.00379219 -0.00477418
0.999977 0.00304448 -0.00603984
0.999968 0.00333766 -0.00724819
0.999971 0.00331864 -0.00679153
0.999978 0.00284952 -0.00603222
0.999977 0.00350477 -0.00573181
0.99998 0.0031086 -0.00558411
0.999988 0.0035233 -0.00345099
0.999988 0.00370076 -0.00333132
0.999981 0.00526573 -0.00319513
0.999979 0.0048815 -0.00415809
0.999979 0.0048815 -0.00415809
0.999978 0.00519071 -0.00415905
0.999978 0.00519071 -0.00415905
0.999978 0.00519071 -0.00415905
0.999974 0.005689 -0.0043751
0.999974 0.005689 -0.0043751
0.999973 0.00509848 -0.00536257
0.999962 0.00483307 -0.00725764
0.999966 0.00522771 -0.00641635
0.999976 0.00513325 -0.00461809
0.999982 0.00410081 -0.00428712
0.999977 0.00432991 -0.00521591
0.999963 0.00776393 -0.00365953
0.999966 0.00752141 -0.00340229
0.999971 0.00713396 -0.00265795
0.99996 0.00764055 -0.00470425
0.999941 0.00972439 -0.00484233
0.999941 0.00972439 -0.00484233
0.999951 0.00981259 -0.00090943
0.999952 0.00972944 -0.00083902
0.999957 0.00904434 -0.00187059
0.99996 0.00869866 -0.00190473
0.999949 0.0100725 -0.000396662
0.999956 0.00930444 0.00140599
0.99995 0.00977148 0.00189809
0.999947 0.0102352 -0.00133788
0.999921 0.0122113 -0.00298092
0.999928 0.0117826 -0.00204303
0.999922 0.0123758 -0.00182635
0.999922 0.0123758 -0.00182635
0.999924 0.0121513 -0.00228384
0.999924 0.0121513 -0.00228384
0.999916 0.0128565 -0.00187806
0.999899 0.0140651 -0.00187668
0.999899 0.0140651 -0.00187668
0.999891 0.0146343 -0.00174055
0.999881 0.0151174 0.00312432
0.999881 0.0151174 0.00312432
0.999886 0.0146624 0.0035193
0.999886 0.0146624 0.0035193
0.999877 0.014547 0.00582632
0.999937 0.0098589 0.0052885
0.999926 0.0103423 0.00638632
0.999929 0.00986843 0.00664674
0.999931 0.00889886 0.00767662
0.999931 0.00889886 0.00767662
0.999917 0.00992952 0.00816868
0.999941 0.00794576 0.00736312
0.999931 0.00838352 0.00823054
0.999931 0.00838352 0.00823054
0.999933 0.00781696 0.00857368
0.999949 0.00636995 0.00784768
0.999937 0.00733182 0.00844367
0.999937 0.00733182 0.00844367
0.9999 0.00801505 0.0116218
0.9999 0.00801505 0.0116218
0.999963 0.00597504 0.00624093
0.999983 0.00513437 0.00283055
0.999987 0.00299605 0.0041502
0.999997 0.00233753 -0.000121891
0.999997 0.00233753 -0.000121891
1 0.000199884 -0.000779791
0.999992 0.000832652 -0.0038796
0.999992 0.000832652 -0.0038796
0.999992 0.000832652 -0.0038796
0.999991 0.000419419 -0.00431432
0.999994 -0.000461951 -0.0034124
0.999994 -0.000461951 -0.0034124
0.999993 -0.000390561 -0.00370638
0.999995 -0.000942832 -0.00308164
0.999992 -0.00192012 -0.00360093
0.999992 -0.00192012 -0.00360093
0.999982 -0.000226841 -0.00603395
0.999968 -0.00152107 -0.00779837
0.999968 -0.00152107 -0.00779837
0.999945 -0.00213602 -0.0102268
0.999954 -0.00411896 -0.00862754
0.999954 -0.00411896 -0.00862754
0.999954 -0.00411896 -0.00862754
0.999954 -0.00411896 -0.00862754
0.999958 -0.00510671 -0.00756143
0.999963 -0.00602688 -0.00607541
0.999962 -0.00678908 -0.00542552
0.999944 -0.00955499 -0.00444593
0.999944 -0.00955499 -0.00444593
0.999944 -0.00955499 -0.00444593
0.999928 -0.0070278 -0.00974766
0.9999 -0.00586044 -0.0128879
0.999813 -0.00183512 -0.0192489
0.99969 -0.000609981 -0.0248853
0.999673 -0.000439401 -0.0255723
0.999395 0.00160778 -0.0347544
0.999395 0.00160778 -0.0347544
0.999742 3.79501e-05 -0.0226978
0.999742 3.79501e-05 -0.0226978
0.999858 -0.00257746 -0.0166472
0.999926 -0.00296343 -0.0118062
0.999939 -0.00394408 -0.0103621
0.999921 -0.00390801 -0.01193
0.999916 -0.00393313 -0.0123457
0.999915 -0.00657454 -0.0112381
0.99988 -0.00845268 -0.0129998
0.99988 -0.00845268 -0.0129998
0.999857 -0.00882284 -0.0144528
0.999852 -0.00915978 -0.0145741
0.999852 -0.00915978 -0.0145741
0.999792 -0.00723156 -0.0190853
0.999815 -0.00843417 -0.017274
0.999823 -0.0101821 -0.01582
0.999823 -0.0101821 -0.01582
0.999823 -0.0101821 -0.01582
0.999823 -0.0101821 -0.01582
0.999851 -0.0115387 -0.01286
0.999851 -0.0115387 -0.01286
0.999851 -0.01095 -0.0133273
0.999872 -0.0131083 -0.00912842
0.999872 -0.0131083 -0.00912842
0.999815 -0.0113108 -0.0155624
0.999815 -0.0113108 -0.0155624
0.999834 -0.0157808 -0.00906956
0.999831 -0.0140037 -0.011903
0.999831 -0.0140037 -0.011903
0.999834 -0.0146503 -0.0107893
0.999844 -0.0151718 -0.00908567
0.999843 -0.0146322 -0.010035
0.999858 -0.0148114 -0.00805564
0.999862 -0.0154131 -0.00627221
0.999851 -0.0158217 -0.00687586
0.999853 -0.0158725 -0.00646976
0.999856 -0.0158194 -0.00614859
0.999856 -0.0158194 -0.00614859
0.999856 -0.0158194 -0.00614859
0.999856 -0.0158194 -0.00614859
0.999851 -0.0150643 -0.00837974
0.999851 -0.0150643 -0.00837974
0.999847 -0.0152946 -0.00850665
0.999847 -0.0152946 -0.00850665
0.999856 -0.0145136 -0.00877681
0.999856 -0.0148258 -0.00827379
0.999875 -0.0141975 -0.00698821
0.999877 -0.0139927 -0.00708128
0.999887 -0.0136028 -0.00645268
0.99987 -0.0154562 -0.00455284
0.99987 -0.0155295 -0.00432712
0.999873 -0.0153599 -0.00422379
0.999871 -0.0155482 -0.00406544
0.999881 -0.0148409 -0.00415402
0.999868 -0.0153155 -0.00540029
0.999878 -0.0148121 -0.00488046
0.999878 -0.0148121 -0.00488046
0.999893 -0.013709 -0.00512033
0.999894 -0.014228 -0.00309687
0.999894 -0.0141583 -0.0034059
0.999894 -0.0141583 -0.0034059
0.999887 -0.0148273 -0.00257806
0.999878 -0.0153437 -0.00297192
0.999878 -0.0153437 -0.00297192
0.999878 -0.0153437 -0.00297192
0.99989 -0.0146706 -0.00212399
0.99989 -0.0146706 -0.00212399
0.999891 -0.0146819 -0.00137507
0.999889 -0.0147617 -0.00207536
0.999876 -0.0156126 -0.0018803
0.999875 -0.0156884 -0.00190001
0.999863 -0.0163277 -0.00287145
0.999885 -0.0144325 -0.00460243
0.999892 -0.0126416 -0.00752516
0.999892 -0.0127105 -0.0074413
0.999886 -0.0126629 -0.008242
0.999889 -0.0114295 -0.00959824
0.999893 -0.0102404 -0.0104869
0.999901 -0.0107929 -0.00900077
0.999897 -0.0110044 -0.00917945
0.999905 -0.010145 -0.00933498
0.999903 -0.0088915 -0.0107196
0.999897 -0.00788695 -0.011984
0.999903 -0.00810136 -0.0112946
0.999894 -0.00847204 -0.0118033
0.999904 -0.00743331 -0.0117292
0.999896 -0.00709123 -0.0125502
0.9999 -0.00593546 -0.0128702
0.999922 -0.00577534 -0.0110475
0.999922 -0.00577534 -0.0110475
0.99991 -0.00452959 -0.0126096
0.999918 -0.00565467 -0.0115119
0.999929 -0.0042427 -0.011097
0.999943 -0.00419293 -0.00984331
0.999943 -0.00419293 -0.00984331
0.999956 -0.00354625 -0.00870867
0.999959 -0.00380653 -0.00827456
0.999944 -0.00223797 -0.0103441
0.99997 -0.00269823 -0.00721548
0.999977 -0.00212612 -0.00651309
0.999983 -0.00133899 -0.00575431
0.999983 -0.00229005 -0.00544605
0.999984 -0.00156338 -0.00537828
0.999989 0.00236572 -0.00410239
0.999991 0.00354714 -0.00223493
0.999986 0.00454978 -0.00278687
0.999986 0.00454978 -0.00278687
0.999992 0.00394063 0.000278482
0.999986 0.00498666 0.00159212
0.999985 0.00514723 0.00173256
0.999982 0.00535137 0.00288813
0.999965 0.00759588 0.00361864
0.999965 0.00759588 0.00361864
0.999965 0.00759588 0.00361864
0.999965 0.00759588 0.00361864
0.999965 0.00759588 0.00361864
0.999965 0.00759588 0.00361864
0.999965 0.00759588 0.00361864
0.999943 0.00879436 0.00598327
0.999926 0.00963211 0.00738569
0.999926 0.00963211 0.00738569
0.999903 0.0115032 0.00780487
0.999899 0.0118414 0.00782229
0.999891 0.0122595 0.00817872
0.999891 0.0122595 0.00817872
0.999895 0.0125596 0.00727903
0.999895 0.0125596 0.00727903
0.999903 0.0127904 0.00556684
0.999883 0.0137987 0.00654688
0.999876 0.0140121 0.00718258
0.99988 0.013838 0.00695907
0.99987 0.0146782 0.00666243
0.999855 0.0149447 0.00816149
0.999855 0.0149447 0.00816149
0.999855 0.0149447 0.00816149
0.99985 0.0156313 0.00746046
0.999873 0.0150482 0.00528359
