1 -1.65804e-05 -9.46112e-06
0.999999 0.00124048 0.000306985
0.999999 0.0012481 0.000287907
0.999999 0.00120122 0.00022307
0.999999 0.0011706 0.000193083
0.999999 0.00116813 0.000171592
0.999999 0.00118251 0.000171368
0.999999 0.00112962 0.000112492
0.999999 0.00112898 8.79638e-05
0.999999 0.00117761 0.000117138
0.999999 0.00118348 0.000101497
0.999999 0.00117069 8.32855e-05
0.999999 0.00116579 5.99271e-05
0.999999 0.00115149 1.34305e-05
0.999999 0.00113555 -1.14859e-05
0.999999 0.0011468 -1.04169e-05
0.999999 0.00111878 -6.08986e-05
0.999999 0.00108098 -5.18079e-05
0.999999 0.00107912 -9.01729e-05
0.999999 0.00100133 -0.000149112
0.999999 0.000989459 -0.000206462
0.999999 0.000999434 -0.000248309
0.999999 0.00138106 -0.000615256
0.999999 0.0011364 -0.000939439
0.999999 0.00142414 -0.00093619
0.999998 0.00146253 -0.00098062
0.999998 0.00132663 -0.00137092
0.999996 0.00244046 -0.00147008
0.999997 0.00213176 -0.00134868
0.999997 0.00222836 -0.00128301
0.999996 0.00224912 -0.00143545
0.999997 0.00212061 -0.00131511
0.999996 0.00237356 -0.00141963
0.999996 0.0023821 -0.00123839
0.999994 0.00312031 -0.00142573
0.99999 0.00403877 -0.00189703
0.999984 0.00488338 -0.00274378
0.999982 0.0052566 -0.00300755
0.999971 0.00674439 -0.00348
0.999944 0.00893088 -0.00575163
0.999875 0.0130601 -0.00886805
0.999862 0.0139386 -0.00906261
0.999863 0.0135548 -0.00951645
0.999844 0.0143135 -0.0103767
0.999771 0.0179348 -0.011668
0.999787 0.0170525 -0.0115865
0.999795 0.0169048 -0.0111546
0.999743 0.0191037 -0.012231
0.999703 0.0205704 -0.0131007
0.999701 0.0205001 -0.0133166
0.99964 0.0225461 -0.0145633
0.999667 0.0213177 -0.0145572
0.999762 0.0184044 -0.0116746
0.999796 0.0169721 -0.0109627
0.99966 0.0216801 -0.0144648
0.999535 0.0257895 -0.016249
0.999535 0.0257895 -0.016249
0.999611 0.0235527 -0.0149521
0.999553 0.0251196 -0.0162148
0.999475 0.0274242 -0.0172538
0.999481 0.0274057 -0.016906
0.99952 0.0264899 -0.0160486
0.999562 0.0253538 -0.0152778
0.999561 0.0254378 -0.0152219
0.9995 0.0270403 -0.0163613
0.999483 0.0275665 -0.0165651
0.999483 0.0275665 -0.0165651
0.999512 0.0270802 -0.0155849
0.999544 0.0264295 -0.0146042
0.999526 0.0270029 -0.0147827
0.999507 0.027429 -0.0152577
0.999569 0.0259563 -0.0137385
0.999569 0.0259563 -0.0137385
0.99952 0.0274985 -0.0142484
0.999461 0.0288741 -0.0156413
0.999461 0.0288741 -0.0156413
0.999461 0.0288741 -0.0156413
0.999282 0.0330299 -0.018551
0.999282 0.0330299 -0.018551
0.999282 0.0330299 -0.018551
0.999324 0.0320147 -0.0180577
0.99929 0.0325881 -0.0189037
0.999301 0.0321996 -0.0190103
0.999295 0.0323624 -0.0190282
0.999295 0.0323624 -0.0190282
0.999298 0.0322752 -0.0190352
0.999293 0.0323653 -0.0191473
0.999289 0.0324248 -0.0192579
0.999301 0.0320366 -0.0192442
0.999272 0.032715 -0.0196251
0.999272 0.032715 -0.0196251
0.999341 0.0315701 -0.0179314
0.999451 0.0288761 -0.0162372
0.999381 0.0298985 -0.0185442
0.999381 0.0298985 -0.0185442
0.99946 0.0278324 -0.0174658
0.999567 0.025077 -0.0154187
0.999559 0.0250926 -0.015876
0.999559 0.0250926 -0.015876
0.999579 0.0241451 -0.0161008
0.999669 0.0215066 -0.0140977
0.999687 0.0205994 -0.0142169
0.999687 0.0205994 -0.0142169
0.999688 0.020233 -0.0146237
0.999699 0.0198425 -0.0143975
0.999699 0.0198425 -0.0143975
0.999681 0.0205659 -0.0146413
0.999686 0.0201221 -0.014946
0.999686 0.0201221 -0.014946
0.999671 0.0203203 -0.0156402
0.999665 0.0204939 -0.0158104
0.999669 0.0204677 -0.0156042
0.99968 0.0200765 -0.0153642
0.999659 0.0205157 -0.0161411
0.999659 0.0205157 -0.0161411
0.999624 0.0219004 -0.0165164
0.999624 0.0219004 -0.0165164
0.999692 0.0193849 -0.0155104
0.999712 0.0186486 -0.0151317
0.999703 0.0190562 -0.015195
0.999703 0.0190562 -0.015195
0.99971 0.0185482 -0.0153443
0.999717 0.0184697 -0.0149828
0.999711 0.0184318 -0.0154655
0.999706 0.0185851 -0.0155982
0.99971 0.0188967 -0.0148972
0.99971 0.0188967 -0.0148972
0.999708 0.0189807 -0.0149446
0.999699 0.0195848 -0.0147851
0.999572 0.0244835 -0.0159871
0.99957 0.0240722 -0.0167704
0.999542 0.0249836 -0.017054
0.999543 0.0249801 -0.0170042
0.999544 0.0248864 -0.0171247
0.999542 0.0248518 -0.0172622
0.999542 0.0247891 -0.0173481
0.999545 0.0249884 -0.0169197
0.999556 0.0243981 -0.0171004
0.999557 0.0243398 -0.0171442
