0.0493295 0.017479 -0.0793855
0.0493295 0.017479 -0.0793855
0.0547663 0.00685536 -0.0520915
0.190548 0.016191 -0.230314
0.331914 0.0785748 -0.463323
0.355445 0.0615794 -0.504962
0.375355 0.104443 -0.586914
0.42153 0.103536 -0.631555
0.397584 0.0860057 -0.664029
0.575755 0.273835 -0.965067
0.516246 -0.02325 -0.757371
0.480163 -0.00428633 -0.704538
0.525118 0.0129662 -0.770554
0.463671 -0.00393422 -0.668578
0.443138 -0.0125369 -0.642916
0.444037 -0.03265 -0.630001
3.13759 0.81868 -5.35674
2.91682 0.389688 -4.60564
3.11437 0.479756 -2.4167
2.59129 0.317973 -0.94751
0.834541 -0.0993109 2.12428
1.88427 0.673305 -1.62054
3.37411 1.85948 -6.02428
3.37411 1.85948 -6.02428
21.4464 8.83867 -25.1541
21.4464 8.83867 -25.1541
21.4464 8.83867 -25.1541
21.4464 8.83867 -25.1541
21.4464 8.83867 -25.1541
21.4464 8.83867 -25.1541
21.4464 8.83867 -25.1541
21.4464 8.83867 -25.1541
30.1418 14.0923 -36.3573
41.675 19.3603 -53.8943
54.0864 24.2943 -70.9767
59.5809 26.3679 -78.0784
59.5809 26.3679 -78.0784
74.5076 33.5727 -97.0532
81.7942 39.2317 -108.267
81.7942 39.2317 -108.267
93.5637 44.4947 -125.003
100.717 50.3106 -136.286
109.921 54.2405 -149.825
110.991 57.6914 -154.05
120.158 62.4106 -165.752
131.988 69.2214 -181.122
141.66 73.1418 -193.893
144.632 77.5987 -203.192
154.756 83.4303 -216.694
165.713 89.6071 -231.818
177.324 93.8663 -245.684
185.156 97.7526 -255.995
185.794 99.6334 -260.523
192.148 102.73 -269.034
196.527 100.128 -273.958
206.979 102.724 -288.712
215.815 106.923 -301
226.158 111.627 -316.185
241.101 117.503 -335.763
251.032 121.154 -349.398
252.684 123.488 -351.826
265.98 130.863 -369.756
265.98 130.863 -369.756
279.182 136.977 -385.377
290.327 138.716 -400.574
302.137 144.016 -415.047
313.244 150.509 -430.211
321.399 154.172 -440.976
326.676 156.55 -448.2
336.576 161.884 -460.046
348.938 168.803 -477.596
360.24 174.371 -490.969
373.644 179.002 -508.026
369.416 177.803 -503.836
372.731 179.6 -507.324
360.151 174.624 -493.686
358.009 169.611 -489.961
358.009 169.611 -489.961
358.009 169.611 -489.961
358.009 169.611 -489.961
352.145 164.149 -482.291
352.145 164.149 -482.291
352.145 164.149 -482.291
336.219 155.893 -462.602
329.999 150.932 -455.046
329.999 150.932 -455.046
329.999 150.932 -455.046
321.414 145.52 -443.555
314.449 139.787 -434.112
301.165 132.292 -419.743
293.018 126.946 -408.628
283.43 122.025 -395.033
273.604 115.474 -382.509
264.502 109.534 -371.17
264.502 109.534 -371.17
254.691 103.518 -357.397
249.068 99.4042 -350.172
235.423 91.5328 -330.62
228.008 87.4457 -318.255
215.538 83.4825 -301.314
207.036 78.5769 -289.138
193.876 70.9701 -276.795
181.354 67.4839 -260.161
181.354 67.4839 -260.161
178.189 64.172 -254.661
178.189 64.172 -254.661
178.189 64.172 -254.661
168.876 58.9214 -242.408
162.742 53.9577 -232.823
150.931 44.6512 -215.659
146.78 40.86 -209.394
138.729 35.9751 -197.401
135.988 32.5692 -191.847
127.175 27.1337 -177.124
119.454 22.083 -163.883
106.746 16.0813 -146.72
106.746 16.0813 -146.72
96.7186 9.13972 -130.32
87.1477 2.31134 -116.031
80.2365 -4.59103 -103.835
70.7107 -11.3448 -88.5004
59.8699 -17.7609 -70.2966
46.3343 -24.2184 -50.8066
37.6814 -29.1452 -38.2326
27.0435 -35.1435 -22.561
18.8974 -40.3382 -8.2904
10.3188 -45.9722 5.86517
-0.545276 -52.8503 23.6907
-10.4262 -59.9554 41.2231
-14.28 -62.5355 47.2993
-23.4111 -67.3946 60.099
-23.4111 -67.3946 60.099
-32.1742 -74.7498 72.3259
-23.8383 -70.6373 63.4523
-27.5924 -73.5841 69.6525
-26.5396 -73.9852 70.1914
-26.8796 -74.652 70.9437
-26.7732 -74.5161 70.7356
-26.5419 -74.1047 70.0624
-26.6393 -74.1525 70.1633
-27.3332 -74.3991 70.9278
-26.8633 -74.0378 70.5964
-27.0639 -74.3144 71.154
-27.0345 -74.0941 70.8535
-27.2138 -73.9444 70.9199
-27.1844 -74.0549 70.9155
-27.3489 -74.0377 71.0526
-27.4026 -74.0884 71.0924
