-0.464607 -0.372554 0.491363
-0.898006 -2.43013 1.44652
-0.640717 -2.25707 1.80699
-0.270976 -2.18725 0.665977
-1.34756 -2.45201 2.16952
-1.77909 -2.36135 2.72473
-1.61021 -2.44141 2.44511
-1.61021 -2.44141 2.44511
-1.61021 -2.44141 2.44511
-1.7709 -2.73252 2.87701
-4.44148 -2.38766 7.88947
-10.8797 -4.75737 12.6169
-17.8928 -3.74932 11.3318
-30.434 -6.40958 14.8909
-40.0173 -7.13284 12.9545
-40.0173 -7.13284 12.9545
-40.0173 -7.13284 12.9545
-52.0564 -7.79644 11.9191
-62.9328 -10.256 12.647
-74.1242 -11.6943 14.6938
-92.4337 -13.7991 24.183
-92.4337 -13.7991 24.183
-111.647 -16.4234 31.6405
-111.647 -16.4234 31.6405
-131.585 -18.9887 36.95
-151.05 -21.2373 42.2484
-165.907 -21.9335 45.7947
-165.907 -21.9335 45.7947
-180.488 -22.9827 48.8108
-197.802 -26.1934 56.5705
-216.809 -29.1545 63.1255
-216.809 -29.1545 63.1255
-236.642 -30.9625 71.2644
-236.642 -30.9625 71.2644
-253.39 -32.8548 79.744
-268.503 -35.5552 85.8108
-268.503 -35.5552 85.8108
-280.075 -37.1254 88.2193
-280.075 -37.1254 88.2193
-299.608 -39.6351 96.6594
-299.608 -39.6351 96.6594
-299.608 -39.6351 96.6594
-299.608 -39.6351 96.6594
-318.13 -40.2745 100.484
-318.13 -40.2745 100.484
-318.13 -40.2745 100.484
-334.783 -41.0928 106.824
-349.847 -42.216 112.271
-362.385 -43.1989 117.176
-368.247 -44.0863 120.119
-367.625 -43.0392 120.153
-366.52 -42.1661 121.133
-356.803 -41.3543 118.081
-337.133 -39.76 107.132
-324.649 -37.5559 102.058
-313.068 -34.7132 98.1939
-293.111 -32.3075 89.968
-274.514 -32.5828 82.0789
-255.803 -28.3563 73.8527
-238.621 -27.0958 65.5789
-241.546 -30.9599 69.6558
-226.643 -24.4058 55.9959
-210.604 -22.379 47.7716
-195.957 -21.3168 46.6017
-195.957 -21.3168 46.6017
-195.957 -21.3168 46.6017
-193.165 -25.0475 45.9073
-173.409 -18.7438 32.6988
-162.546 -15.8342 25.117
-162.546 -15.8342 25.117
-152.545 -11.3492 16.497
-145.383 -11.925 12.2739
-145.383 -11.925 12.2739
-134.57 -11.5983 5.41959
-134.57 -11.5983 5.41959
-116.241 -11.7118 -1.20169
-116.241 -11.7118 -1.20169
-116.241 -11.7118 -1.20169
-116.241 -11.7118 -1.20169
-101.954 -11.6974 -2.44928
-101.954 -11.6974 -2.44928
-101.954 -11.6974 -2.44928
-83.5812 -10.2141 -6.36918
-71.8971 -9.08148 -5.90126
-52.6956 -8.58093 -8.16593
-52.6956 -8.58093 -8.16593
-41.0075 -7.51281 -7.51999
-42.2304 -9.76827 -13.5842
-28.9775 -5.98868 -24.8019
-30.8028 -8.05515 -22.289
-20.0886 -6.35302 -30.5983
-20.3269 -6.34471 -25.2571
-15.8303 -5.59128 -27.631
-7.61593 -5.53345 -32.8482
-3.99953 -5.37519 -20.7654
10.9517 -4.19475 -24.299
28.0985 -2.07679 -36.3104
28.0985 -2.07679 -36.3104
26.0844 -4.31811 -24.9969
26.0844 -4.31811 -24.9969
26.0844 -4.31811 -24.9969
37.8925 -5.05333 -21.6153
37.8925 -5.05333 -21.6153
50.0087 -4.39772 -24.2675
57.643 -4.1284 -23.6237
63.1628 -4.466 -21.8997
72.1657 -4.31732 -27.5547
72.5572 -4.47962 -27.2211
75.1575 -4.02393 -28.4935
73.9114 -4.27464 -25.556
79.7084 -1.54826 -31.9526
79.7084 -1.54826 -31.9526
77.72 -1.30417 -30.5121
78.2199 -0.953537 -32.1415
76.5688 -0.635733 -31.9003
76.4565 -0.479839 -32.3202
75.4531 -1.546 -32.9398
