0.0835807 -0.0365123 -0.0971167
0.0284272 -0.0847425 0.0138519
-0.0787141 -0.122023 0.109245
-0.101523 -0.0979501 0.167461
-0.199402 -0.0681149 0.214411
-0.243172 -0.114375 0.276056
-0.302596 -0.145589 0.262012
-0.382149 -0.141164 0.347888
-0.438398 -0.191577 0.373876
-0.449547 -0.197176 0.423045
-0.482722 -0.227739 0.530416
-0.500744 -0.1808 0.530767
-0.585903 -0.218624 0.56963
-0.606865 -0.235332 0.61955
-0.648286 -0.296541 0.686394
-0.716833 -0.292018 0.749744
-0.797619 -0.39052 0.761872
-0.822279 -0.394821 0.77926
-0.945453 -0.413461 0.909385
-1.13742 -0.434024 1.19543
-0.648205 -0.09285 0.485598
-0.741384 -0.124451 0.519135
-0.652748 -0.193628 0.55585
-0.747559 -0.15269 0.609341
-0.76818 -0.179934 0.583968
-0.679459 -0.0440006 0.351674
-7.72345 -0.366681 4.58286
-15.9817 -11.1232 18.8505
-14.4398 -10.862 16.8519
-9.38243 -5.63426 12.9839
-8.44976 -5.24038 14.4438
-8.21689 -4.5835 13.3423
-8.21689 -4.5835 13.3423
-9.47286 -1.12463 5.70071
-13.0117 -0.898741 4.83136
-16.603 -0.194123 4.3439
-23.1338 -3.33118 7.96856
-36.2957 -6.97264 12.9271
-53.4716 -13.8066 21.8736
-68.4346 -19.5152 30.9149
-62.362 -17.0095 22.2805
-71.7283 -16.9898 26.5256
-80.4213 -17.0994 28.733
-90.9964 -19.0181 27.6301
-102.653 -19.7837 31.3542
-114.078 -19.98 28.9391
-129.37 -22.1045 31.5986
-147.898 -25.0398 36.253
-162.406 -28.2906 39.294
-162.406 -28.2906 39.294
-162.406 -28.2906 39.294
-177.434 -32.9755 44.7186
-177.434 -32.9755 44.7186
-177.434 -32.9755 44.7186
-177.434 -32.9755 44.7186
-197.358 -39.5541 54.2028
-197.358 -39.5541 54.2028
-197.358 -39.5541 54.2028
-197.358 -39.5541 54.2028
-197.358 -39.5541 54.2028
-197.358 -39.5541 54.2028
-197.358 -39.5541 54.2028
-197.358 -39.5541 54.2028
-214.256 -45.1334 62.7485
-233.178 -50.4378 69.9336
-247.208 -53.7143 75.9355
-253.305 -52.127 72.9408
-255.803 -49.9735 68.7492
-261.169 -48.443 66.5001
-268.639 -47.8907 65.6956
-275.673 -47.3885 64.4472
-282.483 -47.5692 66.4253
-285.995 -47.2257 67.1818
-283.995 -47.2602 66.1537
-282.886 -47.0112 65.3344
-285.055 -47.3832 67.6722
-282.969 -46.6432 67.9068
-281.83 -46.1657 67.7882
-272.902 -42.1584 61.7654
-255.98 -35.579 52.9325
-255.98 -35.579 52.9325
-237.882 -29.1477 44.5547
-218.573 -22.8127 34.3024
-218.573 -22.8127 34.3024
-202.224 -16.4107 24.4358
-197.836 -13.971 23.2866
-182.633 -8.60515 14.5501
-182.633 -8.60515 14.5501
-182.633 -8.60515 14.5501
-182.633 -8.60515 14.5501
-182.633 -8.60515 14.5501
-182.633 -8.60515 14.5501
-182.633 -8.60515 14.5501
-182.633 -8.60515 14.5501
-182.633 -8.60515 14.5501
-182.633 -8.60515 14.5501
-182.633 -8.60515 14.5501
-182.633 -8.60515 14.5501
-165.855 -4.79304 7.69794
-165.855 -4.79304 7.69794
-148.713 -2.4505 4.55623
-135.269 0.215393 0.564846
-128.128 0.528355 0.919888
-122.084 2.40671 -0.143014
-116.119 2.62336 -0.285858
-116.119 2.62336 -0.285858
-108.631 2.84527 -0.319376
-97.0417 6.80391 -6.93266
-87.3564 7.91306 -10.0359
-77.1771 9.22844 -11.1819
-69.0066 10.6024 -13.3373
-55.5853 15.8649 -20.5374
-43.3688 19.1507 -25.314
-24.935 24.2992 -32.4905
-8.25891 27.643 -36.4922
6.43603 30.3866 -40.891
12.0067 32.8193 -44.7207
11.4258 33.2905 -45.8943
8.94004 32.7462 -41.1453
11.5427 32.9502 -43.6112
11.1738 32.9885 -43.609
8.73315 32.9027 -41.7371
8.73315 32.9027 -41.7371
8.89311 33.0548 -41.9113
9.21839 32.931 -41.8455
10.481 32.8372 -42.9767
10.5003 32.6168 -42.6301
10.7972 32.639 -42.6337
11.6358 32.5031 -43.0213
11.4865 32.5131 -42.5776
11.3317 32.4013 -42.3282
11.7082 32.4221 -42.695
12.1669 32.3828 -42.8672
12.3138 32.4227 -42.9259
11.9274 32.381 -42.6147
12.4779 32.4559 -43.0099
