-0.0486272 -0.0107176 0.0996236
-0.298475 -0.540041 -0.193667
-0.365625 -0.580424 -0.262076
-0.141916 -0.454392 -0.65909
-0.0455083 -0.430727 -0.901418
-0.693095 -0.662887 0.281401
-0.906112 -0.568995 -0.0246073
-1.09616 -0.610426 0.360983
-1.11626 -0.641669 0.605099
-1.11626 -0.641669 0.605099
-0.999887 -0.598928 0.519215
-1.31053 -0.729401 1.20289
-0.489187 -0.523715 0.64403
-0.88541 -0.925627 2.60018
-0.654722 -0.761626 1.66059
-0.987964 -0.884103 2.57164
-0.0770359 -0.561089 1.32302
0.354338 -0.340069 0.0540429
0.265642 -0.354758 -0.248081
1.08935 -0.0331979 -1.46669
2.2319 0.804278 -3.0538
2.40651 0.710405 -2.69011
2.26189 0.842151 -3.58931
1.44027 0.350208 -1.265
1.44027 0.350208 -1.265
-1.03305 -1.70717 0.331229
0.448671 0.300149 -2.69176
0.929572 0.587354 -2.95683
1.01785 0.480663 -3.74001
0.928986 0.0625189 -2.18327
1.64802 0.388205 -3.28634
0.701461 0.0818734 -2.41858
0.865578 -0.0590284 -1.97653
-0.728373 -1.26396 1.56167
0.142322 -1.14466 1.32655
1.23137 -1.2814 2.44429
1.48465 -1.3668 3.15391
1.68883 -1.32843 1.1792
2.87968 -0.0557539 -1.34959
3.12657 0.218527 -2.37919
2.94266 0.306696 -2.53275
3.00273 0.452774 -3.59825
2.85802 0.402728 -4.18754
3.23305 0.687407 -5.3859
3.20499 0.726095 -5.70311
3.48795 0.935883 -7.0436
3.58804 0.991194 -6.81535
3.58804 0.991194 -6.81535
3.72339 1.0934 -7.32232
3.846 1.34165 -8.00135
4.10657 1.45174 -8.35524
4.41784 1.58339 -9.21259
5.62936 1.80812 -10.2384
6.37929 1.43826 -7.25735
7.06952 1.72655 -7.08545
7.04699 2.46661 -7.95285
8.10198 3.25879 -9.43394
8.20537 4.34737 -8.44337
8.63864 7.43686 -11.3273
10.2331 12.4237 -16.8629
11.1934 15.1201 -15.0254
13.3896 18.9699 -18.6166
12.3901 23.2874 -22.3296
14.0069 27.24 -23.9165
17.9223 31.1985 -28.3278
19.5376 35.2813 -30.9811
19.2617 37.8524 -30.0294
19.2617 37.8524 -30.0294
19.2617 37.8524 -30.0294
21.5262 42.2518 -33.8165
21.79 45.2283 -35.1199
21.79 45.2283 -35.1199
21.79 45.2283 -35.1199
23.6554 48.6127 -39.1541
23.6554 48.6127 -39.1541
24.4187 52.7274 -40.3945
25.5195 55.8939 -41.2602
25.5195 55.8939 -41.2602
25.4761 59.6159 -42.3414
26.3741 62.2464 -42.2629
25.5933 64.4022 -41.8357
25.5933 64.4022 -41.8357
27.7576 68.0322 -44.1842
27.3326 71.093 -45.3734
27.8175 74.1133 -47.4852
30.1437 77.1929 -48.5181
32.1084 80.0533 -50.003
34.085 83.3853 -53.695
35.3242 86.2431 -56.0416
35.995 88.1031 -55.9502
37.4308 90.278 -56.8737
39.3908 93.8155 -61.5615
39.3908 93.8155 -61.5615
39.3908 93.8155 -61.5615
39.3487 96.2213 -62.8014
39.8285 98.5895 -62.6079
39.9516 99.6507 -62.2919
39.963 100.418 -62.6443
39.9362 100.438 -62.7221
39.4854 100.469 -62.0092
39.1335 100.496 -61.8234
38.7127 100.138 -60.3536
40.6175 99.5628 -60.9463
40.7652 99.9876 -63.7355
41.3867 98.9633 -63.1914
41.5697 96.7312 -59.5362
39.9589 95.8951 -60.2786
37.0411 93.8258 -60.5063
37.0411 93.8258 -60.5063
37.0411 93.8258 -60.5063
37.0411 93.8258 -60.5063
35.4741 89.3861 -56.2537
35.8091 87.3723 -56.7954
34.834 83.6326 -55.134
33.3714 80.4811 -53.5866
32.3825 77.9546 -52.2648
34.1924 74.9571 -53.3891
33.7135 70.1616 -52.1832
31.3283 65.9196 -49.3135
29.9325 62.5074 -47.6244
29.3114 59.3303 -46.5721
29.3114 59.3303 -46.5721
28.4869 55.9628 -45.658
26.1505 50.8225 -42.1497
28.4389 46.3822 -43.6229
26.8688 41.93 -41.8283
26.1039 39.1217 -41.489
23.3408 34.6963 -36.1531
26.4019 31.6629 -39.0651
24.9252 26.6538 -37.9202
26.5645 24.0807 -40.7493
24.9035 20.0039 -37.3208
25.6705 16.8639 -38.3791
19.3792 8.9357 -29.1424
18.5048 5.15741 -26.9683
13.2438 -0.396788 -20.6343
15.8941 -2.24158 -23.3947
15.8941 -2.24158 -23.3947
15.9908 -4.82146 -22.9294
15.9908 -4.82146 -22.9294
17.5086 -6.45123 -23.7289
17.0283 -10.7062 -22.9631
17.4062 -10.9492 -23.2312
15.2849 -12.113 -21.3881
13.4425 -12.4476 -19.3106
13.6373 -11.583 -24.3507
8.14681 -12.6093 -25.8256
7.56156 -11.4259 -31.5715
7.03493 -11.2814 -32.7479
7.26761 -11.2901 -33.3501
7.44246 -11.2368 -33.501
7.02464 -11.2255 -33.0045
