-0.00205051 0.0214986 -0.0335747
0.130552 0.344288 0.168456
0.118654 0.367009 0.18417
-0.0122585 0.223613 0.479904
-0.10852 0.185298 0.627456
-0.152777 0.172602 0.703597
-0.296949 0.111269 0.870476
-0.317654 0.115203 0.930836
-0.435743 0.047802 1.12005
-0.301084 0.206213 0.920812
-0.373626 0.138736 1.0491
-0.487924 0.0419305 1.24625
-0.483638 0.0253157 1.28029
-0.532435 -0.0429372 1.45564
-0.647308 -0.0885275 1.55722
-0.704554 -0.0576444 1.47513
-0.967869 -0.149748 1.91013
-0.781941 -0.00827923 1.57174
-0.850116 -0.0599565 1.72855
-1.12965 -0.197801 2.20161
-1.28203 -0.247168 2.34293
-1.42539 -0.302602 2.4579
-2.23762 -0.758761 3.58524
-2.97116 -1.1304 4.75963
-2.73696 -0.965401 4.08176
-2.36485 -0.683017 3.43919
-3.15612 -1.04396 4.64363
-3.1911 -0.912907 4.14246
-3.00411 -0.788957 4.03747
-2.7515 -0.666416 3.656
-3.81482 -1.1075 5.27054
-2.80631 -0.425124 3.64456
-3.5384 -0.744475 4.65166
-2.33874 0.11347 2.53301
-3.44438 -0.517056 4.12039
-2.10683 0.622829 1.5701
-3.80747 -0.979466 4.45997
-2.1865 -0.0370981 1.18879
-2.04368 0.318758 -0.291374
-0.291501 1.40857 -1.94853
-5.2996 -0.760667 3.91135
-5.6234 -0.786876 4.12483
-6.56542 -0.579635 4.81513
-5.40668 0.32663 2.74053
-7.0606 0.766811 2.68014
-7.9745 0.518176 4.74662
-7.33663 1.3395 4.16421
-8.8753 4.49082 2.82419
-13.2473 5.86322 8.02139
-16.9349 8.25086 11.8629
-22.8899 10.1159 18.4723
-28.1367 12.0116 25.9104
-29.7799 15.2432 28.4119
-34.4994 17.0617 34.7223
-41.1273 19.7786 40.8782
-43.6082 23.7416 40.7949
-43.6082 23.7416 40.7949
-46.856 27.5704 44.7659
-52.4569 29.4402 50.4736
-55.7719 32.2747 52.6131
-60.0533 35.2243 56.7433
-62.1557 36.9797 59.6502
-63.4814 38.7834 61.6321
-66.8451 40.5449 65.8206
-70.9034 42.1564 69.3726
-72.4434 44.5143 70.6064
-72.4434 44.5143 70.6064
-76.3005 46.1777 75.4175
-78.8798 47.8907 78.9366
-80.9431 50.1737 80.6033
-83.9962 51.2246 84.2452
-86.6633 53.7406 87.3318
-86.6633 53.7406 87.3318
-89.6157 55.646 90.0066
-92.704 57.1774 92.952
-92.704 57.1774 92.952
-92.704 57.1774 92.952
-97.3692 58.895 96.6011
-97.3692 58.895 96.6011
-97.3692 58.895 96.6011
-98.2496 58.5049 98.1072
-98.9307 58.4521 98.8006
-99.145 58.3719 99.191
-99.8577 58.0965 100.078
-99.8577 58.0965 100.078
-100.481 57.8722 100.901
-101.192 57.5148 101.825
-101.677 57.3408 102.418
-101.398 57.4507 102.168
-104.057 56.5557 105.154
-104.057 56.5557 105.154
-102.845 55.5976 104.095
-100.187 55.5372 101.008
-96.5888 54.8553 96.3928
-96.5888 54.8553 96.3928
-94.1585 53.4156 94.281
-90.3731 52.1782 91.6037
-88.5034 50.9632 88.8707
-88.5034 50.9632 88.8707
-82.5259 49.7514 82.1738
-76.8244 48.1025 76.4673
-73.922 46.1449 73.7564
-73.922 46.1449 73.7564
-68.0119 43.8596 67.4155
-64.2079 42.5885 62.8172
-64.2079 42.5885 62.8172
-57.9421 38.1313 55.5292
-55.4231 35.972 53.258
-55.4231 35.972 53.258
-51.2192 33.392 47.9945
-46.9104 31.0926 42.5848
-40.8367 29.1142 35.5353
-37.2513 27.2224 31.3561
-32.4086 25.3933 25.3697
-32.4086 25.3933 25.3697
-27.6737 24.2271 18.3059
-27.6737 24.2271 18.3059
-24.7454 21.1421 17.0087
-20.8678 18.9835 13.1854
-17.6764 17.7814 8.9674
-17.6764 17.7814 8.9674
-14.5396 15.6307 5.75097
-10.2675 14.374 0.365905
-8.0194 12.7212 -2.79245
-4.82892 10.748 -6.80066
-4.08168 10.7998 -7.26467
-4.08168 10.7998 -7.26467
-4.62374 10.7307 -6.64748
-4.30929 10.8728 -7.69867
-3.65925 11.9961 -11.2087
-5.24375 11.7594 -9.44616
-4.04737 12.3625 -11.1247
-3.38035 12.489 -11.8833
-4.06149 12.3494 -11.051
-4.70839 12.1953 -10.1651
-4.99667 12.1324 -9.80507
-4.35969 12.2465 -10.6195
-3.60725 12.3737 -11.2001
-3.42034 12.3654 -11.3508
