0.00785597 -0.00548328 0.00108031
0.00785597 -0.00548328 0.00108031
-0.0832094 0.0457523 0.0716404
-0.158663 0.0490788 0.167295
-0.181051 0.0126913 0.224124
-0.197933 0.00442294 0.203861
-0.213963 -0.0147727 0.224998
-0.127484 0.0116039 0.113988
-0.147428 0.0170573 0.0876669
-0.181867 -0.00348274 0.158518
-0.165867 0.0170535 0.142217
-0.348632 -0.0211507 0.397947
-0.275778 0.00848728 0.308515
-0.255983 0.0472628 0.289998
-0.679243 -0.0598778 0.61439
-0.210295 0.186967 -0.823533
0.554667 0.585277 -3.59282
0.158203 0.76048 -3.14909
0.218186 1.02817 -4.17373
0.53248 1.21559 -5.26814
5.76732 0.534359 -12.7133
8.01167 0.880033 -16.7877
6.41466 2.51233 -16.0266
7.68022 2.29735 -18.0289
8.72742 2.40816 -19.538
8.66723 2.25157 -18.6151
7.02936 1.67506 -14.231
7.30254 1.87718 -14.9616
6.4035 1.60877 -14.224
6.82941 1.6732 -14.8875
8.82951 2.41754 -19.5804
8.83534 2.64099 -19.5175
8.34149 2.73878 -18.5916
6.60351 1.59107 -17.586
8.16734 2.22864 -20.4103
10.3421 2.36564 -23.7149
10.9328 2.25427 -24.3889
11.2671 2.45447 -24.4063
13.0301 2.25244 -25.3029
13.3611 2.41361 -25.6181
16.4071 3.75551 -32.1423
14.1226 3.31003 -29.41
14.1226 3.31003 -29.41
14.138 5.27193 -29.2556
14.138 5.27193 -29.2556
14.138 5.27193 -29.2556
13.21 7.70968 -28.1198
13.21 7.70968 -28.1198
12.6309 10.899 -27.4255
11.9593 14.2685 -27.3293
15.515 18.1576 -32.9061
13.8901 20.3672 -29.8267
14.8515 23.8235 -30.4346
13.9827 26.8195 -29.9999
18.5694 30.7013 -40.1532
17.0183 33.4653 -37.5539
18.9298 36.995 -39.883
19.399 41.0279 -42.0986
21.6962 45.6886 -48.4215
21.6962 45.6886 -48.4215
25.1834 50.0261 -51.3911
26.0076 54.0777 -52.7918
24.0226 56.4651 -49.9919
23.4361 59.5597 -49.4481
26.0092 63.2891 -53.9261
25.6359 65.8612 -52.2428
26.5689 69.1382 -54.1581
26.7518 72.4241 -56.2862
28.2068 77.3894 -61.9972
28.9246 80.7625 -62.6127
30.0451 83.3897 -64.3707
30.0451 83.3897 -64.3707
30.8738 86.1137 -65.7463
30.8738 86.1137 -65.7463
31.282 89.1964 -67.4182
32.7182 92.9578 -70.2251
32.7182 92.9578 -70.2251
31.665 94.9151 -69.0881
36.9625 97.7258 -74.2355
36.9625 97.7258 -74.2355
38.1667 100.603 -75.9514
38.1667 100.603 -75.9514
41.0318 103.27 -78.0596
39.184 101.494 -69.7868
40.4024 101.355 -71.2405
39.893 101.279 -70.9327
39.779 100.694 -69.5181
39.779 100.694 -69.5181
39.1179 99.9144 -67.8718
40.3403 100.472 -69.2836
40.6274 100.054 -69.6185
40.6274 100.054 -69.6185
39.1575 99.3884 -65.4701
39.4133 99.8021 -65.7455
39.4976 99.2092 -64.8558
39.4976 99.2092 -64.8558
42.2653 98.4808 -67.6568
42.2653 98.4808 -67.6568
38.8164 99.1896 -73.7017
21.6289 100.519 -77.6473
10.5346 99.9571 -82.6386
14.9413 100.567 -96.6301
14.9413 100.567 -96.6301
5.06677 100.012 -101.319
-10.3845 99.1727 -98.1222
-10.3845 99.1727 -98.1222
-10.3845 99.1727 -98.1222
-11.7601 99.2864 -98.3114
-12.9125 99.4464 -99.9869
-12.9125 99.4464 -99.9869
-18.1454 99.5729 -99.4688
-21.6508 99.2712 -98.1892
-24.4471 99.5358 -97.6858
-24.4471 99.5358 -97.6858
-35.9088 99.3593 -94.243
-44.0945 99.0427 -94.0617
-44.0945 99.0427 -94.0617
-49.8434 99.0833 -95.0376
-48.9557 99.7418 -100.137
-48.9557 99.7418 -100.137
-48.9557 99.7418 -100.137
-48.9557 99.7418 -100.137
-60.1383 99.4033 -100.355
-75.7823 97.1316 -95.2013
-92.3184 94.4714 -90.5823
-97.8066 93.9282 -87.249
-97.8066 93.9282 -87.249
-97.8066 93.9282 -87.249
-107.615 92.0277 -81.19
-107.531 92.9094 -84.9376
-119.976 90.5448 -78.437
-121.756 90.604 -82.1405
-122.1 92.1462 -83.1059
-125.819 92.5012 -86.9301
-125.819 92.5012 -86.9301
-117.09 94.5346 -88.9016
-117.09 94.5346 -88.9016
-117.131 93.7613 -83.4968
-109.736 94.767 -90.2974
-110.22 94.3071 -88.556
-114.416 93.4021 -86.565
-124.053 90.1704 -81.8876
-133.12 88.6442 -79.6843
-149.561 84.074 -70.5606
-149.561 84.074 -70.5606
-166.715 79.9873 -62.3
-183.779 76.0025 -53.1139
-183.779 76.0025 -53.1139
-200.394 71.8108 -43.1576
-203.788 70.7712 -39.3905
-201.28 71.4293 -41.0797
-201.28 71.4293 -41.0797
-201.28 71.4293 -41.0797
-201.28 71.4293 -41.0797
-194.481 74.2778 -46.6273
-194.481 74.2778 -46.6273
-195.403 73.9747 -45.8468
-196.601 71.9208 -40.9534
-196.601 71.9208 -40.9534
-197.841 69.8643 -43.8498
-197.841 69.8643 -43.8498
-193.816 69.5283 -41.079
-201.105 65.8106 -35.4763
-201.105 65.8106 -35.4763
-199.1 64.3827 -35.6982
-198.154 61.9335 -35.7312
-200.076 57.6111 -33.6797
-198.494 54.7686 -34.5523
-194.247 53.1642 -37.2563
-195.557 49.2246 -36.2672
-194.058 46.7553 -37.4484
-195.401 42.8082 -35.431
-195.401 42.8082 -35.431
-195.401 42.8082 -35.431
-195.401 42.8082 -35.431
-194.879 37.909 -37.2378
-194.879 37.909 -37.2378
-193.751 33.2088 -37.0139
-193.751 33.2088 -37.0139
-194.407 30.328 -36.9498
-193.191 28.0809 -37.7522
-194.06 23.2524 -36.0834
-193.199 21.2345 -37.7006
-194.283 17.531 -37.6064
-188.696 14.1036 -40.5873
-188.184 12.5166 -41.0897
-188.21 10.3449 -41.1055
-187.241 8.63102 -41.6026
-188.227 5.82782 -41.4708
-189.308 4.31432 -39.787
-189.317 1.41233 -39.3241
-189.317 1.41233 -39.3241
-191.003 -2.28339 -38.137
-187.802 -5.38798 -41.5309
-187.762 -9.06224 -41.5102
-187.762 -9.06224 -41.5102
-185.202 -11.9535 -42.3432
-183.964 -14.3177 -43.689
-183.964 -14.3177 -43.689
-183.964 -14.3177 -43.689
-183.251 -17.5159 -45.6398
-183.251 -17.5159 -45.6398
-184.078 -19.8022 -43.2692
-182.654 -17.9723 -45.3658
-183.632 -19.108 -42.6141
-183.377 -19.8116 -41.7498
-182.966 -18.5725 -43.0457
-185.072 -20.0862 -43.8615
-187.575 -18.8763 -44.6573
-189.774 -20.3889 -42.1224
-189.508 -20.0276 -41.9824
-182.129 -17.2891 -50.9243
-175.972 -15.845 -54.8563
-165.945 -14.6654 -58.4284
-148.222 -10.1999 -69.7253
-139.754 -9.11672 -74.9395
-132.095 -6.65653 -80.7916
-124.333 -5.10294 -86.8957
-115.789 -3.61729 -91.1857
-107.422 -1.3533 -94.5572
-100.852 -0.689418 -98.3113
-91.72 2.68004 -105.591
-83.6806 3.45756 -108.773
-72.1455 4.1543 -113.914
-72.1455 4.1543 -113.914
-60.9117 6.05218 -122.099
-48.4795 7.56906 -127.053
-35.4109 9.00456 -135.528
-25.2295 9.72945 -137.273
-25.2295 9.72945 -137.273
-11.9876 12.7064 -141.026
-1.1748 12.8306 -139.567
6.77647 12.3897 -138.809
17.7887 12.0068 -134.155
27.8043 12.7658 -133.637
35.663 13.2705 -133.616
43.8338 14.7378 -129.6
60.2093 17.2848 -134.691
80.0632 18.8644 -152.982
93.891 21.253 -153.671
106.667 21.1083 -151.338
106.667 21.1083 -151.338
124.403 21.8811 -154.029
140.167 23.8483 -159.247
148.702 25.1125 -159.626
161.152 25.8086 -163.914
173.633 28.1104 -174.421
173.633 28.1104 -174.421
173.633 28.1104 -174.421
173.633 28.1104 -174.421
173.633 28.1104 -174.421
173.633 28.1104 -174.421
173.633 28.1104 -174.421
189.563 28.7617 -177.835
202.152 28.8971 -181.167
202.152 28.8971 -181.167
211.747 28.393 -182.557
218.843 28.5174 -183.38
224.288 28.1552 -183.218
224.288 28.1552 -183.218
229.756 28.677 -183.7
229.756 28.677 -183.7
227.456 28.2919 -178.221
230.215 27.9457 -178.223
234.993 27.9486 -179.992
236.041 27.6972 -179.453
234.625 27.4068 -177.349
233.9 27.4173 -173.709
233.9 27.4173 -173.709
233.9 27.4173 -173.709
233.638 27.0545 -173.763
228.795 25.441 -168.129
