0.0358236 0.0175896 -0.0445123
-1.64979 -0.313974 1.2695
-1.76759 -0.376606 1.34312
-1.76759 -0.376606 1.34312
-1.72734 -0.339803 1.34569
-0.890245 -0.599801 -0.710534
-0.839063 -0.601978 -0.757045
-2.52003 -1.33455 0.571441
-2.48248 -1.30594 0.56221
-1.5825 -1.60812 -1.52242
-1.59632 -1.62199 -1.51447
-1.59632 -1.62199 -1.51447
-1.60603 -1.62418 -1.49939
-1.03773 -2.21223 -1.15144
-1.05676 -2.1916 -1.03384
-1.78639 -2.86689 -3.42002
-1.71675 -2.83787 -3.50835
-6.58922 -4.59706 2.99598
-6.58297 -4.58675 3.03132
-7.39528 -5.18474 1.89319
-12.57 -6.10106 7.68549
-12.57 -6.10106 7.68549
-14.5618 -5.8623 4.35085
-15.612 -5.22237 1.4291
-20.5763 -6.03349 2.62808
-20.737 -5.69867 0.601586
-20.737 -5.69867 0.601586
-20.7893 -5.51056 -0.222098
-19.6708 -5.55821 -0.131026
-19.8553 -5.44297 -0.223046
-19.6177 -5.36601 -0.432543
-19.6836 -5.34783 -0.565996
-19.751 -5.37381 -0.482454
-19.8795 -5.66699 0.771087
-14.5682 -3.93855 -3.04496
-14.5682 -3.93855 -3.04496
-13.2423 -3.80504 -2.8264
-15.1939 -3.93073 -6.77612
-21.5541 -4.84646 -5.15966
-22.6586 -5.63401 -7.50021
-22.0661 -4.41965 -5.84668
-22.0661 -4.41965 -5.84668
-25.4626 -4.97853 -3.64976
-25.4631 -7.67928 7.34466
-25.4631 -7.67928 7.34466
-25.1117 -6.84841 3.89169
-32.2304 -8.89287 8.99224
-31.0871 -8.21597 9.07102
-34.3051 -9.69653 10.2172
-32.9269 -8.45184 7.63123
-34.2505 -9.26831 8.14668
-32.4855 -7.77897 4.92457
-33.2876 -8.13894 5.60403
-33.6077 -8.75054 7.84867
-32.706 -8.70888 7.40549
-32.1105 -8.7153 7.83093
-32.2308 -8.74969 7.55193
-31.7955 -8.8026 8.35401
-31.3388 -8.45956 8.98175
-31.4315 -6.9588 5.26393
-31.4315 -6.9588 5.26393
-30.9763 -6.374 11.0263
-26.3969 -4.86071 9.45621
-26.0413 -4.85183 11.8573
-28.4482 -4.26959 10.5159
-26.9402 -3.03333 7.06836
-21.8074 -2.2845 6.8961
-20.212 -3.03518 8.55702
-20.2143 -3.15216 10.3135
-20.6455 -3.58957 11.8252
-19.8759 -3.54602 13.4487
-19.6148 -3.43964 12.7611
-19.7731 -3.60545 14.2509
-19.4126 -3.47697 12.5907
-18.1967 -3.27307 10.913
-17.1323 -4.87397 11.6348
-16.7295 -5.97924 13.7422
-16.7295 -5.97924 13.7422
-16.3219 -5.9857 12.8124
-16.2234 -6.51699 15.4923
-15.5737 -6.62506 15.0362
-16.0733 -6.40524 13.7086
-16.1785 -6.0494 10.4842
-16.8189 -5.80541 9.50966
-18.1344 -5.84214 9.57156
-18.1344 -5.84214 9.57156
-19.7287 -5.80191 9.09518
-20.221 -5.95509 10.192
