1.03336 0.158336 -1.01669
4.40483 1.3217 -4.35794
4.40483 1.3217 -4.35794
4.40483 1.3217 -4.35794
4.40483 1.3217 -4.35794
1.62694 0.534312 -1.60218
1.62694 0.534312 -1.60218
-8.50451 -0.389539 9.26013
-6.50738 -0.561082 6.24812
-6.50738 -0.561082 6.24812
-5.6391 0.0311552 4.92729
-4.49637 -0.173593 3.69297
-8.36548 -1.57296 7.86489
-7.37607 -1.0395 6.42295
-10.9352 -2.21248 9.76522
-10.4229 -2.40139 9.30392
-14.6562 -3.67117 13.5216
-15.6792 -3.7229 14.4577
-21.2986 -5.50447 21.152
-20.3375 -5.81705 20.8102
-23.1953 -6.16989 21.2932
-23.1953 -6.16989 21.2932
-23.1953 -6.16989 21.2932
-24.9581 -6.78437 22.5364
-21.5436 -6.8552 19.3418
-27.7017 -7.91675 25.3871
-27.7017 -7.91675 25.3871
-27.1466 -7.92637 24.7875
-27.1466 -7.92637 24.7875
-27.2584 -8.0661 24.8964
-26.7454 -7.98442 24.2743
-26.6483 -7.80074 24.2924
-30.3187 -11.1731 27.9537
-30.8513 -10.7721 28.483
-34.0488 -13.3278 32.2995
-34.0488 -13.3278 32.2995
-31.7594 -10.7869 29.8134
-31.7594 -10.7869 29.8134
-30.7434 -6.33818 25.1684
-14.6506 -2.70435 9.04563
-11.3021 0.585618 6.0609
-12.0538 2.69919 6.22964
-7.94235 6.12421 1.34424
-7.94235 6.12421 1.34424
-5.99907 9.76655 -0.804566
-5.15723 12.5926 -1.79839
-2.45461 16.7364 -5.18338
-2.45461 16.7364 -5.18338
0.58708 21.2974 -10.0522
1.72656 24.1995 -11.4361
4.84203 29.1025 -15.4898
4.72278 32.4227 -15.5643
4.72278 32.4227 -15.5643
10.1445 35.1683 -21.8635
14.5349 39.2666 -27.5443
12.1001 42.2371 -25.2116
14.8648 45.7375 -28.5909
15.4223 48.8443 -29.3912
17.3224 52.0096 -31.8657
20.1091 54.3805 -35.1152
20.1091 54.3805 -35.1152
20.046 56.6824 -34.7985
20.046 56.6824 -34.7985
21.6743 58.4647 -37.0229
21.6743 58.4647 -37.0229
24.5978 60.7912 -40.2624
24.6508 64.7374 -42.0432
23.0568 66.0993 -40.8018
28.1154 70.6423 -48.0632
27.7425 73.7323 -47.0002
27.7425 73.7323 -47.0002
29.2499 75.7131 -48.8427
30.9929 78.5298 -51.9647
31.9381 78.826 -52.6676
31.9381 78.826 -52.6676
32.0701 78.6581 -52.7816
32.0701 78.6581 -52.7816
31.9932 78.8505 -52.8975
31.9857 78.6525 -53.1553
32.404 78.9326 -54.287
31.2471 77.4845 -52.3894
29.9595 76.9673 -52.1275
30.0942 77.0839 -53.3181
30.0942 77.0839 -53.3181
30.0942 77.0839 -53.3181
30.0942 77.0839 -53.3181
37.9744 81.7832 -62.2608
32.7856 73.8466 -55.7575
27.9775 74.2102 -55.368
27.9775 74.2102 -55.368
27.9775 74.2102 -55.368
17.8396 71.9235 -49.0159
13.1252 70.6725 -44.9347
12.1968 70.7044 -45.5203
3.09431 68.6947 -42.8432
-6.90137 67.8966 -42.797
-6.90137 67.8966 -42.797
-12.5959 66.4044 -40.6728
-19.2565 66.4502 -40.4512
-19.2565 66.4502 -40.4512
-19.2565 66.4502 -40.4512
-19.2565 66.4502 -40.4512
-30.8696 64.8514 -35.3022
-40.693 63.3842 -32.8296
-46.3968 63.0482 -34.5116
-54.1888 62.4829 -30.3453
-65.8518 59.6456 -23.7704
-65.8518 59.6456 -23.7704
-82.0975 57.3166 -19.4791
-97.4232 54.8531 -13.5042
-105.292 54.2279 -11.0536
-108.552 54.243 -6.59368
-105.9 55.7082 -13.3237
-106.796 57.1589 -14.9227
-112.882 55.9162 -16.317
-113.133 58.0155 -18.3172
-117.002 56.0716 -14.0928
-108.598 56.1443 -22.0084
-113.826 53.5146 -16.6603
-113.826 53.5146 -16.6603
-116.975 50.3799 -12.2965
-116.066 52.746 -14.9396
-120.57 51.3786 -9.98932
-120.57 51.3786 -9.98932
-121.071 50.8202 -8.42742
-118.041 50.0908 -9.14623
-118.041 50.0908 -9.14623
-118.041 50.0908 -9.14623
-121.054 47.7399 -4.55839
-121.61 49.9647 -7.76399
-121.149 54.5845 -23.7132
-126.407 57.69 -35.275
-130.948 59.8541 -40.729
-130.948 59.8541 -40.729
-130.948 59.8541 -40.729
-129.102 59.3699 -44.4393
-129.102 59.3699 -44.4393
-136.617 61.5951 -48.3607
-140.316 64.8069 -59.9559
-139.317 65.7485 -68.2982
-145.259 66.0417 -66.7306
-146.724 67.7847 -79.9617
-154.369 72.7754 -93.8442
-165.161 72.2668 -96.9323
-175.764 72.2645 -97.4046
-175.764 72.2645 -97.4046
-181.734 71.8667 -99.0767
-193.318 71.513 -93.9995
-193.318 71.513 -93.9995
-207.211 71.0069 -87.8536
-207.211 71.0069 -87.8536
-224.626 69.2601 -80.1474
-243.22 67.7853 -74.5785
-243.22 67.7853 -74.5785
-262.316 64.3851 -63.2965
-271.413 62.4376 -59.5534
-271.413 62.4376 -59.5534
-286.414 59.2664 -50.624
-286.414 59.2664 -50.624
-297.888 56.348 -46.7574
-309.215 55.9709 -48.373
-321.024 53.586 -43.8313
-338.331 51.617 -36.8617
-356.87 50.0157 -29.1814
-363.296 48.7563 -29.2574
-367.51 48.1153 -26.3422
-367.365 48.1016 -26.6635
-372.599 47.675 -23.3162
-370.883 49.1734 -29.1386
-386.815 47.3568 -19.6877
-385.492 48.6104 -23.3876
-378.069 50.2207 -27.8221
-376.339 52.273 -33.1094
-390.748 50.4937 -22.2499
-390.748 50.4937 -22.2499
-391.702 48.5089 -21.2872
-392.059 49.754 -21.3241
-392.059 49.754 -21.3241
-391.826 48.8945 -20.9025
-393.867 46.0549 -19.9127
-394.75 41.6939 -18.4419
-394.997 39.2421 -18.0493
-396.372 34.2338 -17.1407
-396.728 30.448 -16.611
-397.801 26.4852 -16.0717
-396.845 23.3104 -16.5717
-396.845 23.3104 -16.5717
-392.406 18.5563 -18.4786
-394.768 10.4005 -17.6527
-409.105 3.61779 -10.519
-407.148 -1.49264 -10.1424
-407.148 -1.49264 -10.1424
-406.712 -4.74757 -9.65862
-406.256 -9.90107 -9.64073
-410.703 -13.8346 -6.30237
-407.642 -17.817 -7.89358
-410.781 -24.0329 -5.14661
-410.359 -26.3843 -5.46415
-413.429 -29.3712 -3.06128
-412.404 -31.3703 -3.98841
-420.683 -34.528 3.83055
-419.609 -37.0914 2.91323
-421.075 -44.3443 5.65923
-421.075 -44.3443 5.65923
-419.393 -45.9926 4.86264
-417.211 -49.0307 4.21336
-417.211 -49.0307 4.21336
-418.8 -52.2546 4.40713
-418.8 -52.2546 4.40713
-418.8 -52.2546 4.40713
-416.528 -54.7733 2.28145
-417.066 -54.9667 2.24995
-418.165 -55.3615 3.01821
-418.358 -55.0298 3.3554
-419.859 -55.6471 3.13402
-419.864 -55.5893 3.104
-420.601 -55.463 2.73662
-428.438 -56.0267 5.78223
-436.67 -56.2073 7.61797
-437.391 -54.4302 7.01797
-443.788 -57.5713 13.3233
-443.982 -57.5833 13.5409
-444.793 -57.3661 12.4678
-444.198 -57.027 11.965
-436.542 -57.8759 6.53116
-424.971 -55.8004 1.03237
-412.124 -56.1547 -7.04357
-409.843 -55.4994 -8.65388
-405.554 -56.7031 -10.6577
-404.992 -56.9512 -10.7791
-398.523 -55.3296 -14.7732
-389.272 -53.8993 -18.0246
-383.99 -52.1662 -21.7503
-382.851 -52.4375 -22.9566
-378.555 -51.907 -23.9311
-377.427 -50.3292 -26.6452
-375.43 -49.3181 -27.3669
-366.491 -45.7122 -32.8871
-356.794 -45.5703 -40.7067
-347.533 -40.4842 -47.1176
-347.522 -43.7131 -44.8644
-339.148 -42.0656 -49.078
-339.148 -42.0656 -49.078
-338.546 -51.6749 -42.5367
-338.546 -51.6749 -42.5367
-319.967 -54.6258 -47.2089
-319.967 -54.6258 -47.2089
-301.04 -52.8678 -54.6887
-291.45 -52.2293 -57.2282
-280.287 -51.2442 -61.361
-269.242 -51.3436 -61.9474
-256.159 -50.6932 -66.5345
-249.94 -50.4155 -67.2932
-238.83 -49.891 -70.7468
-231.846 -50.4758 -68.9275
-222.814 -49.5483 -69.9917
-214.763 -49.4679 -69.2747
-205.616 -48.8027 -69.2996
-194.833 -47.5025 -69.6346
-187.334 -46.6455 -70.1617
-182.432 -46.7037 -66.8066
-175.903 -46.349 -65.3918
-166.865 -45.2466 -66.3704
-156.168 -42.2928 -69.4805
-150.179 -42.0069 -70.4019
-143.505 -40.604 -74.2999
-139.475 -40.4867 -72.1321
-135.993 -40.004 -71.9462
-134.353 -39.7151 -74.5386
-134.353 -39.7151 -74.5386
-127.025 -38.9405 -74.1117
-113.153 -36.442 -76.7565
-103.94 -35.723 -75.2665
-88.1866 -32.6466 -84.2286
-80.993 -31.8009 -82.3835
-74.1472 -30.548 -85.4223
-64.1804 -27.7388 -88.7299
-57.7372 -27.5489 -89.6753
-48.3442 -24.4979 -96.4906
-40.5365 -23.6514 -95.9797
-29.0468 -21.0559 -101.521
-19.2338 -18.9951 -106.434
-11.7362 -17.3909 -112.128
-0.50871 -13.544 -120.695
7.78318 -11.0579 -125.773
11.38 -9.68852 -128.417
14.9767 -8.49426 -130.952
19.9076 -6.4535 -134.739
32.3629 -2.58871 -143.94
47.2574 2.01577 -147.117
63.9582 7.11706 -157.595
80.0397 11.4887 -168.957
86.8088 12.8684 -172.812
91.6381 15.4169 -174.632
94.6227 14.9331 -175.058
105.8 18.7696 -180.186
114.012 19.6239 -182.387
122.256 22.4636 -183.573
133.18 24.4719 -189.759
141.915 24.4077 -188.084
145.988 25.6465 -190.064
144.078 24.7927 -187.442
144.147 24.8002 -187.429
144.343 24.9572 -187.73
144.25 24.8699 -187.668
144.311 24.9996 -187.902
144.268 24.9274 -187.939
144.296 24.9699 -187.997
144.32 25.0203 -187.99
144.216 24.9337 -187.77
144.056 25.0384 -187.555
