0 0 0
0 0 0
0.323081 -0.152293 0.0356352
1.09326 0.120184 -0.700821
1.43128 -0.0513487 -0.781035
1.89608 -0.00501148 -1.24969
1.73755 -0.0119253 -0.989317
1.62172 -0.068475 -0.859909
1.78636 -0.0734717 -0.931227
1.77091 -0.211577 -1.13571
3.54565 -0.0887817 -2.74754
1.55043 -0.40114 -0.468336
0.928449 -0.395302 -0.0188355
0.886332 -0.411196 0.0979503
1.1435 -0.276705 -0.333036
0.960486 -0.336327 -0.175691
0.872121 -0.362944 -0.0287362
0.958209 -0.312409 -0.128848
1.03041 -0.308201 -0.185538
0.89416 -0.350966 -0.0700277
0.88719 -0.339873 -0.0389077
0.746067 -0.42228 0.113231
1.17184 -0.306763 -0.337498
1.05759 -0.354505 -0.225527
0.833484 -0.494647 0.0895611
1.19463 -0.372627 -0.287836
1.28608 -0.43183 -0.228735
2.49237 -0.100096 -1.43816
2.54654 -0.13677 -1.3782
2.77443 -0.17871 -1.78865
1.91758 -0.685346 -0.83135
1.5885 -0.735496 -0.522018
1.7334 -0.560696 -1.02196
2.87701 -0.246762 -2.64241
0.667095 -0.990836 -0.821031
-0.5404 -1.07638 -1.03211
-7.73352 -2.15059 0.958713
-7.73352 -2.15059 0.958713
-26.3088 -10.128 14.2921
-32.6258 -11.0674 14.6934
-41.8863 -12.7688 19.5087
-49.7186 -14.3101 20.9925
-62.8159 -18.7282 29.8376
-57.432 -14.7483 20.5568
-57.0347 -13.9031 18.8343
-60.2496 -14.7462 21.3732
-61.586 -14.9146 21.0272
-62.2188 -13.0809 16.8795
-62.4156 -11.9184 13.4404
-65.6339 -11.6417 13.3949
-68.9269 -11.4794 12.7852
-74.3771 -10.7793 12.1309
-81.4417 -10.3397 11.7571
-90.8394 -11.4107 14.0335
-101.395 -11.3825 15.2435
-103.214 -9.14484 9.30612
-116.242 -13.3498 17.3974
-131.988 -17.7169 25.4833
-131.988 -17.7169 25.4833
-144.066 -19.5175 28.0912
-156.73 -19.2656 25.4849
-156.73 -19.2656 25.4849
-170.962 -22.3187 30.7405
-187.255 -27.2626 38.192
-201.94 -31.2368 45.4979
-216.504 -35.437 51.6448
-216.504 -35.437 51.6448
-233.699 -41.0965 61.2417
-250.937 -45.6766 67.0216
-265.416 -50.8999 76.0873
-285.274 -57.2198 86.2192
-285.274 -57.2198 86.2192
-305.088 -63.7092 95.7644
-305.088 -63.7092 95.7644
-317.33 -67.4051 99.8838
-317.33 -67.4051 99.8838
-330.941 -72.4048 108.357
-344.98 -77.8798 115.906
-344.98 -77.8798 115.906
-362.394 -84.1739 126.493
-374.278 -87.6734 133.699
-385.211 -90.0123 138.487
-397.604 -90.3152 137.069
-397.604 -90.3152 137.069
-397.604 -90.3152 137.069
-397.604 -90.3152 137.069
-397.604 -90.3152 137.069
-397.604 -90.3152 137.069
-413.862 -95.6279 145.521
-433.929 -101.586 155.366
-445.803 -104.36 159.375
-461.33 -107.576 166.27
-475.939 -110.639 170.667
-486.471 -113.149 173.809
-501.956 -116.528 177.511
-501.956 -116.528 177.511
-513.882 -119.241 179.235
-513.882 -119.241 179.235
-522.434 -121.502 181.544
-537.022 -126.16 190.293
-546.62 -129.337 195.005
-554.729 -130.298 196.966
-554.915 -129.674 195.57
-553.605 -128.907 193.24
-552.213 -128.672 192.646
-547.281 -127.903 192.005
-533.458 -122.461 183.063
-514.014 -114.853 170.804
-500.973 -109.778 161.721
-491.249 -104.534 155.361
-491.249 -104.534 155.361
-475.752 -97.3595 144.434
-458.126 -92.8977 138.297
-458.126 -92.8977 138.297
-458.126 -92.8977 138.297
-458.126 -92.8977 138.297
-458.126 -92.8977 138.297
-437.735 -87.4993 131.066
-417.43 -81.7383 123.044
-417.43 -81.7383 123.044
-401.893 -76.3626 115.894
-383.113 -70.776 107.435
-364.535 -66.0683 98.1156
-348.624 -61.5651 89.5228
-348.624 -61.5651 89.5228
-331.328 -57.281 82.7475
-313.757 -52.9536 74.9384
-301.617 -49.8719 71.2149
-281.362 -43.6919 58.7993
-267.849 -40.667 55.0595
-267.849 -40.667 55.0595
-267.849 -40.667 55.0595
-260.399 -38.9652 56.3037
-242.009 -35.3377 52.5331
-242.009 -35.3377 52.5331
-242.009 -35.3377 52.5331
-224.923 -29.697 41.9113
-206.411 -23.7133 30.9663
-187.981 -19.0686 22.7587
-175.597 -15.4919 16.7489
-156.263 -10.101 5.20755
-139.726 -4.31768 -3.26151
-124.482 0.30216 -12.6923
-107.529 5.99965 -22.6844
-90.467 11.212 -32.4572
-79.633 14.3378 -37.2519
-79.633 14.3378 -37.2519
-79.633 14.3378 -37.2519
-79.633 14.3378 -37.2519
-79.633 14.3378 -37.2519
-59.6498 19.8306 -47.8543
-59.6498 19.8306 -47.8543
-50.1011 22.1726 -49.8842
-32.4845 28.3398 -59.3437
-32.4845 28.3398 -59.3437
-21.4042 31.1412 -60.6913
-21.4042 31.1412 -60.6913
-6.42866 37.4703 -68.9314
4.01845 41.2733 -73.2607
14.5502 44.845 -79.1926
15.9748 43.3425 -71.652
22.8345 43.9951 -73.8247
23.5856 43.4128 -70.1315
32.5959 47.6009 -81.0817
30.2975 47.0102 -79.3301
22.8425 43.9883 -71.1812
25.1279 46.3998 -74.3758
28.3834 48.1199 -78.6897
18.7198 43.9386 -65.0472
20.448 44.6814 -66.8124
20.961 44.9349 -67.4628
20.961 44.9349 -67.4628
20.75 44.7431 -67.2405
20.665 44.6889 -67.1699
20.5456 44.6686 -66.9923
20.3733 44.5689 -66.7249
