0 0 0
-0.321557 -0.0817353 0.585691
-0.421301 -0.118484 0.602802
-0.314772 -0.035878 0.424875
-0.430105 -0.0595791 0.75584
-0.523129 -0.0978465 0.897669
-0.238465 0.0364002 0.249845
-0.386903 -0.00116483 0.593415
-0.596378 -0.089285 1.08831
-0.658986 -0.10481 1.10273
-0.487492 0.0440389 0.335993
-0.73258 -0.0172122 0.699338
-0.404979 0.196087 -0.277779
-0.706086 0.141107 0.155779
-1.15095 -0.0128147 0.982677
-0.691835 0.136619 0.0791151
-0.923441 0.0577823 0.575043
-1.0107 0.0363506 0.755877
-0.785226 0.164083 0.190383
-0.791167 0.154889 0.228588
-1.08113 0.0322965 0.866143
-0.7863 0.141271 0.24891
-0.816625 0.130161 0.239565
-0.917879 0.086272 0.487794
-0.99584 0.0323217 0.714217
-0.793033 0.0802043 0.344082
-0.78899 0.0208988 0.559189
-0.944552 -0.0448336 0.897521
-1.02038 -0.0270698 0.699177
-0.467767 0.085016 -0.22877
-0.287955 -0.219544 0.243885
-0.692928 -0.265395 1.37035
0.48877 -0.12472 -0.516014
0.137161 -0.229785 0.11094
-0.523513 -0.313599 3.94931
-0.359819 1.05871 -1.74631
-0.359819 1.05871 -1.74631
3.92509 5.26719 -16.7332
3.92509 5.26719 -16.7332
5.77751 5.95566 -21.5391
10.5862 7.72641 -29.6513
15.2012 10.7569 -41.0515
11.9801 12.464 -46.753
14.7053 15.792 -57.4863
13.3533 18.3658 -63.0258
12.4679 19.7258 -68.0684
11.1949 20.8704 -70.6156
8.14682 22.4783 -72.4398
5.09917 23.5081 -74.5916
5.09917 23.5081 -74.5916
-2.11247 24.7961 -78.8781
-2.11247 24.7961 -78.8781
-2.11247 24.7961 -78.8781
-13.1893 25.5679 -80.7353
-25.9356 26.5271 -82.4111
-43.5407 26.8572 -81.624
-43.5407 26.8572 -81.624
-53.0926 27.3465 -88.3437
-53.0926 27.3465 -88.3437
-53.0926 27.3465 -88.3437
-53.0926 27.3465 -88.3437
-64.7847 25.525 -87.0227
-74.3065 24.4721 -83.9892
-93.2625 21.2864 -71.335
-110.471 18.8483 -65.7997
-110.471 18.8483 -65.7997
-110.471 18.8483 -65.7997
-126.045 17.429 -66.0043
-131.911 18.9497 -66.8078
-139.69 17.4345 -64.2341
-138.424 17.4499 -62.9029
-138.424 17.4499 -62.9029
-138.424 17.4499 -62.9029
-131.826 16.169 -65.6237
-131.826 16.169 -65.6237
-122.553 17.5428 -72.3172
-122.553 17.5428 -72.3172
-122.553 17.5428 -72.3172
-122.553 17.5428 -72.3172
-122.553 17.5428 -72.3172
-122.553 17.5428 -72.3172
-122.553 17.5428 -72.3172
-122.553 17.5428 -72.3172
-106.452 13.7224 -62.3417
-106.452 13.7224 -62.3417
-92.5285 10.8097 -52.3006
-81.4047 10.0766 -49.5324
-70.8474 10.7961 -47.509
-70.8474 10.7961 -47.509
-70.8474 10.7961 -47.509
-70.8474 10.7961 -47.509
-54.5189 13.5213 -58.4373
-48.0498 14.1171 -60.7053
-48.3145 13.9827 -59.6535
-47.1382 14.1554 -61.0045
-48.145 13.6083 -57.7626
-48.2656 13.541 -57.3196
-48.3209 13.4636 -57.1725
-48.8094 13.3046 -56.4078
-46.7922 13.6167 -59.627
-46.9921 13.4995 -59.1226
-47.0663 13.4561 -59.0617
-47.0309 13.6021 -59.1861
-48.7162 13.5338 -56.8047
-47.9155 13.7964 -58.6083
-46.3495 14.5774 -63.3775
-46.8953 14.5775 -62.6747
-46.7436 14.5379 -62.9108
-46.9375 14.5393 -62.6119
-47.0025 14.5 -62.4816
-46.9607 14.4953 -62.5247
-46.99 14.499 -62.4755
-47.1196 14.4967 -62.2939
-46.9903 14.5074 -62.4575
-47.1041 14.5044 -62.3174
