1 0.000118212 3.77793e-05
1 0.000155626 -7.1318e-06
1 0.000142085 -4.97651e-05
1 0.000197576 -2.4479e-05
1 0.000183258 -6.2054e-05
1 0.00019057 -5.90393e-05
1 0.000121304 -0.000109101
1 0.000161011 -0.00010955
1 0.000268305 -0.000156961
1 0.000301922 -0.000167953
1 0.000314808 -0.000175112
1 0.000286629 -0.000215559
1 0.000326058 -0.000266845
1 0.000302183 -0.000280775
1 0.00030738 -0.00033939
1 0.000319883 -0.000373905
1 0.000251305 -0.000416311
1 0.000288422 -0.000417654
1 0.00024998 -0.000442395
1 0.000308421 -0.000489856
1 0.00036259 -0.000513093
1 0.000265835 -0.000548576
1 0.000245952 -0.000601139
1 0.000189576 -0.000661369
1 0.000286126 -0.000666192
1 0.000288555 -0.000671259
1 0.000284296 -0.000703433
1 0.000278304 -0.0007579
1 0.000254043 -0.000716023
1 0.000293674 -0.000877177
0.999999 0.000388805 -0.000988737
1 0.000387257 -0.000863415
1 0.000472715 -0.000850052
0.999999 0.000492376 -0.000897735
1 0.000499476 -0.000854464
0.999999 0.000535736 -0.000918232
0.999999 0.000554622 -0.000944678
0.999999 0.000609151 -0.00096261
0.999998 0.00118396 -0.00132717
0.999997 0.00152615 -0.0017944
0.999997 0.00199314 -0.00103895
0.999991 0.00377107 -0.00205507
0.999993 0.00296673 -0.00205632
0.999989 0.00309888 -0.00346605
0.999989 0.00348206 -0.00315413
0.999995 0.00278592 -0.00160486
0.999997 0.00233833 -0.000580698
0.999925 0.0121976 -0.000587384
0.999925 0.0121976 -0.000587384
0.999951 0.00988973 -2.02867e-06
0.999983 0.00568807 0.00107833
0.99999 0.00431358 0.000657618
0.999969 0.00780227 0.000567036
0.99996 0.00884692 0.00130418
0.999952 0.00956522 0.00223095
0.999869 0.0160277 0.00208681
0.999869 0.0160277 0.00208681
0.999907 0.0133866 0.00278506
0.999916 0.0123979 0.0038277
0.999936 0.011008 0.00248441
0.999936 0.011008 0.00248441
0.999926 0.011298 0.00447437
0.999908 0.0121861 0.00588078
0.999908 0.0121861 0.00588078
0.999896 0.014311 0.00157705
0.999927 0.0120226 -0.00137488
0.999927 0.0120226 -0.00137488
0.999875 0.0154511 -0.00332944
0.999905 0.0135503 -0.00252181
0.999905 0.0135503 -0.00252181
0.999942 0.0104584 -0.00254441
0.999934 0.0106644 -0.00416206
0.999941 0.00920077 -0.0057618
0.999922 0.00864216 -0.00906277
0.999922 0.00864216 -0.00906277
0.99995 0.00687278 -0.00725867
0.999967 0.00561848 -0.00579391
0.999969 0.00281733 -0.00730135
0.999966 0.0015736 -0.00811951
0.999966 0.0015736 -0.00811951
0.999966 0.0015736 -0.00811951
0.999954 -0.00304027 -0.00912406
0.999954 -0.00304027 -0.00912406
0.999934 -0.00203603 -0.0113471
0.999896 -0.00350585 -0.0140231
0.999847 -0.00423477 -0.0169543
0.999847 -0.00423477 -0.0169543
0.999858 -0.00491874 -0.0161302
0.999858 -0.00491874 -0.0161302
0.999806 -0.00528871 -0.0189512
0.999792 -0.00286496 -0.020174
0.999705 -0.00554073 -0.0236518
0.999684 -0.00660563 -0.0242538
0.999676 -0.00353526 -0.0251972
0.999676 -0.00353526 -0.0251972
0.999615 -0.00269194 -0.0276057
0.999615 -0.00269194 -0.0276057
0.999615 -0.00269194 -0.0276057
0.999615 -0.00269194 -0.0276057
0.999565 -0.00462538 -0.0291368
0.999563 -0.00544253 -0.029052
0.999563 -0.00544253 -0.029052
0.999559 -0.0053797 -0.0292095
0.999559 -0.0053797 -0.0292095
0.999493 -0.00665642 -0.0311517
0.999493 -0.00665642 -0.0311517
0.999493 -0.00665642 -0.0311517
0.999498 -0.00386229 -0.0314331
0.999498 -0.00386229 -0.0314331
0.999503 0.000876174 -0.0315109
0.999503 0.000876174 -0.0315109
0.999503 0.000876174 -0.0315109
0.999449 -0.00383315 -0.0329615
0.999449 -0.00383315 -0.0329615
0.999387 -0.00355936 -0.0348166
0.999348 -0.00529717 -0.0357086
0.999279 -0.00627784 -0.0374361
0.999171 -0.0103105 -0.0393821
0.999138 -0.010025 -0.0402711
0.999138 -0.010025 -0.0402711
0.999157 -0.0094508 -0.0399407
0.999157 -0.0094508 -0.0399407
0.999205 -0.00830971 -0.0389957
0.999261 -0.00731533 -0.0377458
0.999261 -0.00731533 -0.0377458
0.999289 -0.00778163 -0.0368783
0.999289 -0.00778163 -0.0368783
0.999372 -0.000610494 -0.0354358
0.999372 -0.000610494 -0.0354358
0.999372 -0.000610494 -0.0354358
0.999371 -0.00950291 -0.0341638
0.999365 -0.0128244 -0.0332467
0.999365 -0.0128244 -0.0332467
0.999518 -0.00291727 -0.0309145
0.999518 -0.00291727 -0.0309145
0.999452 -0.00518475 -0.0326977
0.999452 -0.00518475 -0.0326977
0.999452 -0.00518475 -0.0326977
0.999452 -0.00518475 -0.0326977
0.999494 -0.00171526 -0.0317493
0.99971 -0.00295034 -0.0239084
0.99971 -0.00295034 -0.0239084
0.99984 0.0004853 -0.0178658
0.999857 -0.000576658 -0.0168897
0.999857 -0.000576658 -0.0168897
0.999857 -0.000576658 -0.0168897
0.999857 -0.000576658 -0.0168897
0.999857 -0.000576658 -0.0168897
0.999857 -0.000576658 -0.0168897
0.999912 -0.000732844 -0.0132791
0.999932 0.00405976 -0.0109615
0.999932 0.00405976 -0.0109615
0.999869 0.0158906 -0.00302778
0.999869 0.0158906 -0.00302778
0.999724 0.0234869 -5.94136e-05
0.999724 0.0234869 -5.94136e-05
0.999724 0.0234869 -5.94136e-05
0.999724 0.0234869 -5.94136e-05
0.999724 0.0234869 -5.94136e-05
0.999382 0.0349368 0.00382001
0.99883 0.0467855 0.0122531
0.99883 0.0467855 0.0122531
0.998934 0.043392 0.0157266
0.998443 0.052087 0.0199826
0.998278 0.0549977 0.0203883
0.998063 0.0579608 0.0226171
0.997664 0.0636923 0.0246756
0.997664 0.0636923 0.0246756
0.998305 0.0547259 0.019808
0.997724 0.062898 0.0243036
0.997169 0.0698342 0.0278734
0.997169 0.0698342 0.0278734
0.997109 0.0700541 0.0294167
0.996844 0.0718384 0.0337696
0.99659 0.0728089 0.0388213
0.997173 0.064232 0.038996
0.997173 0.064232 0.038996
0.997173 0.064232 0.038996
0.997173 0.064232 0.038996
0.997173 0.064232 0.038996
0.997173 0.064232 0.038996
0.997485 0.0592729 0.0388635
0.997485 0.0592729 0.0388635
0.997684 0.0540483 0.0412854
0.997684 0.0540483 0.0412854
0.997684 0.0540483 0.0412854
0.997727 0.0495611 0.0456566
0.997727 0.0495611 0.0456566
0.997727 0.0495611 0.0456566
0.997727 0.0495611 0.0456566
0.997616 0.0509914 0.0464918
0.997571 0.0523348 0.0459589
0.997751 0.0482991 0.046484
0.99773 0.0480736 0.04715
0.997586 0.0502899 0.0478857
0.997514 0.0509206 0.0487203
0.997514 0.0509206 0.0487203
0.997484 0.0508851 0.0493628
0.997653 0.0480766 0.0487643
0.997814 0.0438944 0.0494102
0.998087 0.036869 0.0496212
0.997846 0.0412932 0.0509674
0.997959 0.0387771 0.050736
0.99756 0.0459878 0.0525263
0.99756 0.0459878 0.0525263
0.997298 0.051155 0.052722
0.997001 0.0555319 0.0539042
0.997001 0.0555319 0.0539042
0.996804 0.0559306 0.0570391
0.996461 0.0589899 0.0598759
0.996367 0.0589389 0.0614685
0.996338 0.0568663 0.0638451
0.996338 0.0568663 0.0638451
0.995933 0.0602464 0.0669847
0.99617 0.0558631 0.0672599
0.996172 0.0555733 0.0674698
0.994991 0.0689263 0.0723989
0.994991 0.0689263 0.0723989
0.995253 0.0650778 0.0723582
0.994773 0.0700969 0.0742522
0.994773 0.0700969 0.0742522
0.995035 0.064976 0.0753859
0.994981 0.0645396 0.0764679
0.995126 0.0600011 0.0782629
0.995126 0.0600011 0.0782629
0.99522 0.0573786 0.0790186
0.995452 0.0540497 0.0784471
0.995448 0.0572796 0.0761673
0.995314 0.0611383 0.0749208
0.995135 0.0661631 0.0730012
0.995217 0.0674174 0.0706954
0.994006 0.0852163 0.0684789
0.994006 0.0852163 0.0684789
0.993809 0.0880142 0.0678036
0.993809 0.0880142 0.0678036
0.993809 0.0880142 0.0678036
0.993809 0.0880142 0.0678036
0.993809 0.0880142 0.0678036
0.993809 0.0880142 0.0678036
0.993809 0.0880142 0.0678036
0.993997 0.0867785 0.0666353
0.994236 0.0838008 0.0668727
0.994362 0.0817704 0.0675085
0.99425 0.0823668 0.0684285
0.99425 0.0823668 0.0684285
0.99425 0.0823668 0.0684285
0.99425 0.0823668 0.0684285
0.994411 0.0800777 0.0688061
0.994626 0.0779033 0.0681951
0.995178 0.0734436 0.0650079
0.995798 0.0684693 0.0608066
0.996439 0.0603361 0.0588969
0.9966 0.0577554 0.0587671
0.996273 0.0656323 0.0559656
0.996273 0.0656323 0.0559656
0.996579 0.0641189 0.0521443
0.996579 0.0641189 0.0521443
0.996579 0.0641189 0.0521443
0.996236 0.0690342 0.0524266
0.996236 0.0690342 0.0524266
0.996681 0.0595265 0.0555345
0.998078 0.0340376 0.0517806
0.99807 0.0344046 0.0516986
0.99807 0.0344046 0.0516986
0.99807 0.0344046 0.0516986
0.99807 0.0344046 0.0516986
0.998102 0.0370075 0.049226
0.998102 0.0370075 0.049226
0.998211 0.0373914 0.0466474
0.998211 0.0373914 0.0466474
0.998148 0.0390773 0.0466191
0.998163 0.0376676 0.0474597
0.997877 0.0387548 0.0523464
0.997737 0.039022 0.0547472
0.997737 0.039022 0.0547472
0.997695 0.0396283 0.0550837
0.997406 0.0412398 0.0589935
0.997406 0.0412398 0.0589935
0.997406 0.0412398 0.0589935
0.997567 0.0347006 0.0604673
0.997364 0.0384738 0.0615188
0.997005 0.0419798 0.064948
0.997005 0.0419798 0.064948
0.996504 0.0478934 0.0684532
0.995382 0.0760261 0.0585982
0.995233 0.0784159 0.0579775
0.994706 0.0807511 0.0635476
0.994562 0.0816722 0.0646207
0.995169 0.0768591 0.0610841
0.995247 0.0762689 0.0605453
0.995247 0.0762689 0.0605453
0.995438 0.0739923 0.0602428
0.995238 0.0744418 0.0629327
0.995238 0.0744418 0.0629327
0.995446 0.0744168 0.0595749
0.995446 0.0744168 0.0595749
0.995446 0.0744168 0.0595749
0.995446 0.0744168 0.0595749
0.995621 0.0734864 0.0577868
0.9957 0.0735123 0.0563726
0.995621 0.0718478 0.0597987
0.995621 0.0718478 0.0597987
0.995841 0.0690725 0.0594175
0.996016 0.0681887 0.0574664
0.995654 0.0736203 0.0570378
0.995643 0.0727658 0.0583061
0.995643 0.0727658 0.0583061
0.995844 0.0732379 0.0541353
0.995844 0.0732379 0.0541353
0.995752 0.0713031 0.058252
0.995036 0.0773437 0.062618
0.995036 0.0773437 0.062618
0.995037 0.0776302 0.0622542
0.995037 0.0776302 0.0622542
0.995037 0.0776302 0.0622542
0.995037 0.0776302 0.0622542
0.995037 0.0776302 0.0622542
0.995037 0.0776302 0.0622542
0.99541 0.0758248 0.0583992
0.995335 0.0760976 0.0593021
0.995335 0.0760976 0.0593021
0.995547 0.0751653 0.0568878
0.995617 0.0759694 0.0545428
0.995617 0.0759694 0.0545428
0.995617 0.0759694 0.0545428
0.995617 0.0759694 0.0545428
0.995617 0.0759694 0.0545428
0.995617 0.0759694 0.0545428
0.995617 0.0759694 0.0545428
0.995617 0.0759694 0.0545428
0.995617 0.0759694 0.0545428
0.995617 0.0759694 0.0545428
0.995617 0.0759694 0.0545428
0.995617 0.0759694 0.0545428
0.995617 0.0759694 0.0545428
0.995617 0.0759694 0.0545428
0.996065 0.0703337 0.0539288
0.995311 0.0776492 0.0576706
0.995242 0.0783925 0.0578694
0.995185 0.0781885 0.059106
0.995185 0.0781885 0.059106
0.995185 0.0781885 0.059106
0.995185 0.0781885 0.059106
0.995185 0.0781885 0.059106
0.995185 0.0781885 0.059106
0.995248 0.0785726 0.057521
0.995189 0.0789 0.0580804
0.995189 0.0789 0.0580804
0.995205 0.0777523 0.0593359
0.995212 0.0788365 0.0577667
0.995242 0.0768483 0.0598925
0.995359 0.075552 0.0596048
0.995208 0.0770577 0.0601968
0.995323 0.0754112 0.0603812
0.995408 0.0737241 0.0610611
0.995801 0.0663774 0.0630415
0.995425 0.0733885 0.0611862
0.995425 0.0733885 0.0611862
0.995287 0.0721643 0.0647828
0.995043 0.0736448 0.0668306
0.995043 0.0736448 0.0668306
0.995018 0.0739069 0.0669138
0.995056 0.074076 0.0661544
0.994982 0.0747567 0.066499
0.995022 0.0750263 0.0655958
0.995022 0.0750263 0.0655958
