1 1.7726e-05 3.34549e-05
1 -4.42237e-06 1.93027e-05
1 -1.98127e-05 2.22458e-05
1 1.85267e-05 3.44596e-05
1 6.12294e-05 6.26149e-05
1 4.83521e-05 5.13462e-05
1 3.16972e-05 3.46361e-05
1 9.58088e-05 8.64421e-05
1 6.72904e-05 6.08941e-05
1 8.25131e-05 7.36045e-05
1 3.52143e-05 4.34399e-05
1 3.42627e-05 6.29051e-05
1 6.39795e-05 7.3639e-05
1 6.30005e-05 7.2446e-05
1 3.40656e-05 5.83156e-05
1 7.04122e-05 0.000109235
1 4.81392e-05 9.04123e-05
1 5.92102e-05 7.74654e-05
1 -0.000111338 5.76088e-05
1 -0.00020129 6.00405e-05
0.999999 0.00148336 8.61747e-05
0.999998 0.00153211 -0.000982523
0.999982 0.00144785 -0.00574613
0.999961 0.00464279 -0.00757428
0.999876 0.0100139 -0.0121589
0.999876 0.0100139 -0.0121589
0.999868 0.0101889 -0.0126532
0.999852 0.010777 -0.0134166
0.99983 0.0111809 -0.0146286
0.999835 0.0110825 -0.014397
0.999822 0.0113431 -0.0150854
0.999809 0.0118725 -0.0155154
0.999717 0.0126233 -0.020163
0.999644 0.0136129 -0.0229509
0.999606 0.0144375 -0.0240743
0.999625 0.0143173 -0.0233591
0.999625 0.0143173 -0.0233591
0.999627 0.0143498 -0.0232322
0.999606 0.0150996 -0.0236483
0.999626 0.014779 -0.0230227
0.999626 0.014779 -0.0230227
0.999628 0.0154499 -0.0224762
0.999676 0.0210806 -0.0142818
0.999339 0.0357538 -0.00654857
0.998992 0.0447272 -0.00390611
0.998992 0.0447272 -0.00390611
0.998871 0.0472782 -0.00464898
0.99894 0.045832 -0.00428104
0.999163 0.0407913 -0.00321348
0.999163 0.0407913 -0.00321348
0.999163 0.0407913 -0.00321348
0.999262 0.0376474 -0.00756974
0.999184 0.0385462 -0.0120928
0.999249 0.0369964 -0.0115221
0.99907 0.0420282 -0.0096563
0.99895 0.0449509 -0.00886293
0.999092 0.0423536 -0.00456106
0.99911 0.0420789 -0.00287872
0.99894 0.0458907 -0.00348749
0.998875 0.0473282 -0.00295792
0.998841 0.0480605 -0.00258287
0.998939 0.0456688 -0.00591468
0.998932 0.0456267 -0.00724327
0.999124 0.0409935 -0.00844996
0.998903 0.046149 -0.00793238
0.998903 0.046149 -0.00793238
0.998903 0.046149 -0.00793238
0.998954 0.0452342 -0.00673021
0.999131 0.0414392 -0.00449015
0.999355 0.0351736 -0.00720571
0.999356 0.0341869 -0.0108984
0.99928 0.0358372 -0.0124892
0.999213 0.037626 -0.0125559
0.999171 0.0392115 -0.0109201
0.999302 0.0360232 -0.00988555
0.999302 0.0360232 -0.00988555
0.999276 0.036176 -0.0117623
0.999146 0.0382648 -0.0155784
0.99909 0.0398701 -0.0151677
0.999203 0.0373669 -0.0140707
0.999232 0.0370476 -0.0127906
0.999343 0.0341272 -0.0121883
0.999305 0.0345388 -0.0140475
0.998978 0.0413235 -0.0183389
0.998835 0.0442626 -0.0192437
0.99889 0.0430405 -0.0191434
0.999041 0.0407982 -0.0158859
0.999134 0.039165 -0.0140181
0.99914 0.0389213 -0.0143014
0.99911 0.0390311 -0.0160014
0.99919 0.0365216 -0.0169061
0.999276 0.0333154 -0.0183563
0.999415 0.0290575 -0.0180493
0.999423 0.0293138 -0.0171294
0.9994 0.0286401 -0.0194554
0.999286 0.0311208 -0.0214465
0.999335 0.0292128 -0.0218195
0.999441 0.0267603 -0.0200465
0.999438 0.0299628 -0.0150375
0.999643 0.024761 -0.0100653
0.9998 0.0187929 -0.0067933
0.99984 0.016762 -0.00626626
0.999775 0.019155 -0.0091617
0.999761 0.0205176 -0.00750757
0.99977 0.0207223 -0.00555032
0.999608 0.0274855 -0.00528866
0.999612 0.0271085 -0.00639764
0.999661 0.0249784 -0.00729956
0.999741 0.0227171 0.00146961
0.999778 0.0210497 5.14267e-05
0.999807 0.0196434 -0.000292048
0.99978 0.0209762 0.000149631
0.99978 0.0209762 0.000149631
0.999796 0.0201455 -0.00117908
0.999736 0.0229551 6.33564e-05
0.999631 0.0269322 -0.00341865
0.999591 0.0284393 -0.00295136
0.999625 0.0271728 -0.00344986
0.999464 0.0326887 0.00168602
0.999528 0.0307109 -0.00111023
0.999442 0.0333677 -0.00161463
0.999433 0.0336477 -0.00151507
0.999433 0.0336666 -0.00061327
0.999408 0.034414 0.000177983
0.999408 0.034414 0.000177983
0.999418 0.0340613 -0.00189815
0.999231 0.0392027 3.52154e-06
0.999208 0.0397698 0.00108737
0.999185 0.040365 0.000315527
0.999065 0.0432091 -0.00131799
0.999219 0.0393636 -0.00333802
0.999251 0.0382686 -0.0056935
0.999152 0.0402288 -0.00875173
0.999152 0.0402288 -0.00875173
0.999126 0.0409807 -0.00824697
0.999198 0.0397944 -0.00435014
0.999198 0.0397944 -0.00435014
0.999263 0.0382375 -0.00329019
0.999294 0.0374956 0.00249945
0.999294 0.0374956 0.00249945
0.999298 0.0374358 -0.00124555
0.999116 0.0420334 0.000406484
0.999116 0.0420334 0.000406484
0.999116 0.0420334 0.000406484
0.999116 0.0420334 0.000406484
0.999089 0.0426657 6.13113e-05
0.999051 0.0434969 0.00222472
0.999058 0.0433399 0.00225583
0.999058 0.0433399 0.00225583
0.999001 0.0446757 0.0013008
0.999001 0.0446757 0.0013008
0.999001 0.0446757 0.0013008
0.999001 0.0446757 0.0013008
0.998791 0.0491557 -0.000272013
0.998791 0.0491557 -0.000272013
0.998856 0.0478169 0.000320695
0.998679 0.0513806 -0.000750012
0.998598 0.0527637 -0.00429539
0.998337 0.0573841 -0.00556018
0.998057 0.0618935 -0.00712391
0.998443 0.0553818 -0.00668467
0.998443 0.0553818 -0.00668467
0.998478 0.0551382 -0.00136172
0.998692 0.0511319 0.000271039
0.99916 0.0404203 -0.00677357
0.998934 0.0457065 -0.00646141
0.998878 0.0472473 -0.00321725
0.999009 0.0443685 0.00345985
0.999016 0.0440436 0.00519111
0.998884 0.0467434 0.00669982
0.999034 0.0436995 0.00463426
0.999034 0.0436995 0.00463426
0.998859 0.0476057 0.00376072
0.998909 0.0465695 0.00338844
0.999231 0.038964 0.00437153
0.999184 0.0402657 0.00308012
0.999178 0.0405067 0.00124042
0.999055 0.0434597 0.000510998
0.998921 0.0464401 0.000980146
0.998851 0.0479138 -0.000457565
0.998815 0.0486066 -0.0023684
0.998673 0.0513735 -0.003528
0.998633 0.0519929 -0.00532576
0.998787 0.0489021 -0.00583897
0.998787 0.0489021 -0.00583897
0.998858 0.0476207 -0.00384874
0.998858 0.0476207 -0.00384874
0.998875 0.0472439 -0.00403928
0.998875 0.0472439 -0.00403928
0.998502 0.0543801 -0.0061139
0.99774 0.0671924 -0.000998988
0.99774 0.0671924 -0.000998988
0.997794 0.0662498 -0.00421433
0.998195 0.0598205 -0.00525725
0.99827 0.0587132 0.00324225
0.998423 0.0560222 0.00361096
0.998394 0.0565411 0.00360538
0.998326 0.057623 0.00490665
0.998502 0.0543903 0.00596233
0.998323 0.0576812 0.00497096
0.998123 0.0609901 0.00558936
0.997869 0.0643315 0.0108743
0.997869 0.0642604 0.0112753
0.997641 0.0671715 0.0141649
0.997641 0.0671715 0.0141649
0.997641 0.0671715 0.0141649
0.997235 0.0726957 0.015445
0.997116 0.073952 0.017081
0.997277 0.0705807 0.0213568
0.997277 0.0705807 0.0213568
0.997277 0.0705807 0.0213568
0.997089 0.0736906 0.019578
0.997089 0.0736906 0.019578
0.997089 0.0736906 0.019578
0.997094 0.0735398 0.0198698
0.997094 0.0735398 0.0198698
0.997019 0.0741746 0.0212309
0.997441 0.0679368 0.0222671
0.997771 0.0636616 0.0199911
0.998225 0.0567937 0.0179496
0.998203 0.0573163 0.0174594
0.998203 0.0573163 0.0174594
0.998042 0.0603538 0.0164261
0.998042 0.0603538 0.0164261
0.998081 0.0599277 0.0155658
0.998081 0.0599277 0.0155658
0.998081 0.0599277 0.0155658
0.998256 0.0568851 0.0157938
0.99838 0.0542901 0.017046
0.998233 0.0569356 0.0169952
0.997727 0.0616963 0.0270953
0.996757 0.0738413 0.0319717
0.996613 0.0749591 0.0338314
0.995938 0.0828926 0.0351525
0.995938 0.0828926 0.0351525
0.995938 0.0828926 0.0351525
0.995938 0.0828926 0.0351525
0.995938 0.0828926 0.0351525
0.995145 0.0914685 0.0363247
0.996222 0.0760417 0.0419454
0.99664 0.0714005 0.0401304
0.997086 0.0673079 0.0358918
0.997086 0.0673079 0.0358918
0.997281 0.0611716 0.0411016
0.99763 0.0563393 0.0395039
0.997647 0.0612791 0.0307353
0.997531 0.0642754 0.0282899
0.997278 0.0681512 0.028127
0.997038 0.0719727 0.0271072
0.997333 0.0678852 0.0268048
0.997041 0.0713615 0.0285866
0.997041 0.0713615 0.0285866
0.996715 0.0752342 0.0299876
0.996423 0.0774302 0.0338549
0.996375 0.0785545 0.0326567
0.99703 0.0701714 0.0317477
0.997044 0.070654 0.030199
0.997034 0.0703801 0.0311292
0.997139 0.0689089 0.0310672
0.997032 0.0694902 0.0331553
0.99714 0.0684205 0.0321109
0.99714 0.0684205 0.0321109
0.997136 0.0681196 0.0328492
0.997557 0.0634794 0.0291631
0.997948 0.0568419 0.0294794
0.998197 0.0513003 0.0311522
0.998173 0.0481563 0.0364972
0.998136 0.0471062 0.0387941
0.997936 0.0481251 0.0425171
0.997943 0.04698 0.043621
0.998088 0.0426692 0.0447287
0.998326 0.0434704 0.0381488
0.998376 0.0452466 0.0346015
0.998376 0.0452466 0.0346015
0.998376 0.0452466 0.0346015
0.998376 0.0452466 0.0346015
0.998376 0.0452466 0.0346015
0.998684 0.0378764 0.034564
0.998702 0.0370571 0.0349526
0.998695 0.0378161 0.0343203
0.998326 0.0428169 0.0388708
0.998247 0.0412999 0.0423948
0.997833 0.0469087 0.0461471
0.997827 0.0426068 0.0502572
0.998053 0.0390954 0.0485924
0.998392 0.0371785 0.0427817
0.998632 0.0343715 0.039408
0.998603 0.0349405 0.0396414
0.998678 0.0322487 0.0400258
0.998503 0.0330786 0.0435686
0.998358 0.0331967 0.0466833
0.99823 0.0332566 0.0493028
0.997917 0.0382116 0.0519834
0.997624 0.041862 0.054721
0.997734 0.0403643 0.0538285
0.997718 0.0413728 0.0533533
0.99792 0.040689 0.0500005
0.997907 0.0441328 0.0472552
0.998072 0.0462 0.0414403
0.998273 0.0448823 0.0379074
0.998627 0.0399633 0.0338576
0.998704 0.0415532 0.0293824
0.998742 0.0430552 0.0256902
0.998855 0.0421685 0.022586
0.998807 0.0433515 0.0224664
0.99885 0.0427438 0.021706
0.998753 0.046078 0.0192247
0.998575 0.0508628 0.0161584
0.998611 0.0513454 0.0117878
0.998611 0.0513454 0.0117878
0.998727 0.0488814 0.0124149
0.998779 0.0479156 0.0119837
0.998779 0.0479156 0.0119837
0.998651 0.0506386 0.0114764
0.998498 0.0535849 0.0113964
0.998498 0.0535849 0.0113964
0.998662 0.0501854 0.0124866
0.998787 0.0473668 0.0134663
0.998501 0.0534405 0.0118419
0.998774 0.0478133 0.0128086
0.998831 0.0451715 0.0171906
0.998831 0.0451715 0.0171906
0.999232 0.0350705 0.0174789
0.999232 0.0350705 0.0174789
0.999671 0.020105 0.0159117
0.99991 0.00779831 0.0109531
0.99991 0.00779831 0.0109531
0.999917 0.012081 0.00444203
0.999917 0.012081 0.00444203
0.999922 0.0109478 0.00602864
0.999878 0.00792755 0.0134542
0.999878 0.00792755 0.0134542
0.999878 0.00792755 0.0134542
0.999854 0.00674839 0.0157132
0.999854 0.00674839 0.0157132
0.999864 0.00761221 0.0146038
0.999819 0.010552 0.0158482
0.999809 0.0119043 0.0154913
0.999795 0.0128564 0.0156663
0.99979 0.013326 0.0155615
0.999797 0.0135701 0.0149012
0.999815 0.0130237 0.0141419
0.999812 0.0134622 0.0139713
0.999832 0.012371 0.0135245
0.999826 0.0126815 0.0136671
0.999857 0.00958346 0.0139033
0.999857 0.00958346 0.0139033
0.999847 0.0108203 0.0137233
0.999859 0.0113628 0.0123443
0.999839 0.0127272 0.0126508
0.999797 0.0068867 0.0189271
0.99976 0.00779307 0.0204874
0.999762 0.00768557 0.0204007
0.999761 0.00771396 0.0204412
0.999763 0.00765563 0.0204035
0.999762 0.00764513 0.0204316
0.999762 0.00762045 0.0204332
0.999762 0.00760251 0.0204334
0.999762 0.00759071 0.0204404
0.999761 0.00763684 0.0204833
0.999761 0.00761055 0.0204767
0.999761 0.00760586 0.020483
0.999762 0.00758016 0.02047
0.999762 0.00756517 0.0204731
0.999761 0.00762085 0.0205094
0.999762 0.00756033 0.0204831
0.999761 0.00755764 0.0205117
0.999759 0.00768596 0.0205748
0.999763 0.00747572 0.0204693
0.999762 0.00751252 0.0204979
0.999761 0.00750289 0.0205145
0.999761 0.00750698 0.0205123
0.999762 0.00744891 0.0204891
0.999761 0.00750389 0.0205366
0.999762 0.00747461 0.0205168
0.999762 0.00747571 0.0205156
0.999761 0.00749341 0.0205406
