744.39 -696.211 591.88
959.565 -713.539 546.667
992.894 -736.082 587.463
970.843 -708.895 596.364
749.063 -716.894 591.88
1007.22 -759.683 596.364
-0.888472 -0.668405 0.533854
-0.87244 -0.664484 0.533854
970.475 -701.67 596.364
819.844 -670.277 591.88
944.018 -672.678 596.364
785.211 -687.878 591.88
831.861 -684.69 596.364
938.875 -662.989 596.364
-2.36386 -1.5375 1.28125
-1.00529 -0.702098 0.640625
940.278 -638.635 596.364
-2.36747 -1.52429 1.28125
822.639 -665.797 591.88
802.805 -705.263 591.88
950.851 -637.568 596.364
977.609 -637.103 596.364
997.989 -636.338 596.364
956.926 -614.612 596.364
1002.19 -604.884 587.463
-1.28667 -0.694673 0.739183
503.004 -296.559 439.777
500.84 -273.149 437.333
515.258 -200.933 353.005
499.759 -190.888 357.818
556.411 -191.293 361.101
591.527 -248.382 434.917
494.209 -188.484 356.199
588.128 -257.715 439.777
233.233 -54.2155 179.726
253.158 -43.6972 166.076
-2.31934 -0.275022 1.28125
-2.28169 -0.262379 1.28125
13684.8 3626.92 8746.67
62590.2 19104.7 39360
4726.96 -1160.12 -2460
-1.9121 0.721467 1.06771
313.475 96.1645 189.231
67066.8 19291.3 39360
-1.08929 0.568352 0.640625
-1.59542 0.882514 0.960938
-1.31872 0.601245 0.640625
-1.02958 0.591539 0.640625
-1.38 0.73888 0.800781
-1.13944 0.591422 0.640625
-1.30897 0.719379 0.739183
-1.24049 0.751358 0.739183
-1.32636 0.760279 0.739183
-1.18314 0.735887 0.686384
-1.36238 0.799529 0.739183
