-0.275572 0.0923409 0.956835
0.128707 -0.764452 -0.631703
-0.491644 -0.870292 0.0296406
-0.68687 0.466384 -0.557401
0.529564 -0.573795 -0.624757
0.599695 0.713442 0.362444
0.588498 0.433389 0.682528
0.214078 0.67016 0.710673
0.165066 0.964558 0.205868
0.901876 0.2257 0.368347
-0.00454209 0.471365 0.881926
0.849635 -0.147281 0.506388
-0.105149 0.38922 -0.915124
0.441211 -0.842155 0.310014
-0.962273 0.14017 0.233204
-0.61047 -0.623698 0.488187
-0.533293 0.0517107 -0.844349
0.0809737 -0.857056 -0.508821
-0.978033 -0.175487 -0.112499
0.351434 -0.0888109 -0.931991
-0.562218 -0.801012 0.205646
0.637611 -0.403929 -0.655968
0.584365 0.222943 0.780265
-0.979756 -0.135695 0.147192
-0.520249 -0.0940362 0.848821
0.0464394 0.995726 -0.0798278
0.0525346 0.819767 0.570283
0.703631 0.190558 0.684538
0.900914 -0.156426 -0.404826
-0.224988 -0.973564 0.0394018
-0.551412 0.433631 -0.712677
0.60529 -0.719266 -0.341
0.914191 -0.247588 -0.320866
0.129521 0.852653 -0.506169
0.0481694 0.993093 0.106987
-0.74855 0.527997 0.401115
0.924098 0.313362 -0.218738
0.482648 0.647923 -0.589277
-0.186326 0.908396 0.374299
0.982778 0.152009 0.105079
0.669907 0.687972 -0.279139
-0.947638 0.207069 -0.243114
0.611196 -0.383087 -0.692592
-0.260445 0.18893 -0.946823
-0.0603903 0.965351 -0.253869
-0.873723 -0.402856 -0.27261
0.845276 0.176836 -0.50422
0.383456 -0.0453029 -0.922447
-0.361176 -0.713589 -0.600286
0.511919 0.168621 0.842322
-0.532565 -0.837165 -0.124616
-0.386989 0.0768391 -0.918877
0.10062 -0.697472 -0.709513
-0.447098 0.354917 0.821059
-0.351609 -0.923462 -0.153589
-0.924171 -0.286455 0.252689
-0.406935 0.331961 0.851003
0.0998212 0.281942 0.954224
0.289886 -0.661982 -0.691192
-0.326875 -0.0217088 -0.944818
-0.184956 -0.233978 0.954487
-0.296921 -0.954899 0.00249633
0.186997 -0.768461 0.611963
-0.70461 -0.175836 0.687463
