1 -2.02626e-05 -1.20131e-05
1 -4.6809e-05 -8.45178e-06
1 -2.7413e-05 1.23403e-05
1 -3.07242e-05 1.13955e-05
1 -1.63283e-05 2.67544e-05
1 -1.63283e-05 2.67544e-05
1 1.19248e-06 3.63432e-05
1 -2.64192e-05 2.99919e-05
1 -2.04554e-05 2.99744e-05
1 -3.91294e-05 3.69796e-05
1 -1.60409e-05 4.45581e-05
1 -5.28008e-05 3.29607e-05
1 -5.16018e-05 4.00752e-05
1 -5.8229e-05 4.34006e-05
1 -7.70842e-05 4.44712e-05
1 -7.93895e-05 5.28285e-05
1 -7.9459e-05 5.77263e-05
1 -8.4671e-05 8.28717e-05
1 -4.49664e-05 9.93173e-05
1 -7.23921e-05 7.84035e-05
1 -6.17486e-05 3.23374e-05
1 -0.000139138 -2.09177e-05
1 -0.000266934 -0.000185503
1 -0.000326548 -0.000210899
1 -0.000305478 -0.000254375
1 -0.000298563 -0.000286391
1 -0.000197543 -0.000232651
1 -0.00010439 -0.000144035
1 5.54274e-05 3.73114e-06
1 2.57437e-05 4.22904e-05
1 5.09795e-05 9.07626e-05
1 2.70447e-05 0.000109897
1 7.5276e-05 0.000154459
1 8.0575e-05 0.000166223
1 0.000116237 0.000187921
1 8.5905e-05 0.000183846
1 0.000150092 0.000202385
1 0.000100865 0.00043408
1 8.79789e-05 0.000319203
1 5.20939e-05 0.000389922
1 3.30231e-05 -3.53894e-05
1 -0.000174762 0.000706501
0.999999 -0.000194107 0.00151139
1 0.000520621 -3.94706e-05
1 0.000114675 0.000874726
1 -6.55666e-05 0.000408226
0.999983 0.000640106 0.00574621
0.999983 0.000640106 0.00574621
0.999611 -0.0149261 -0.0235761
0.998891 -0.0259305 -0.0392882
0.999407 -0.0179768 -0.0293636
0.999465 -0.012807 -0.0300936
0.999308 -0.017624 -0.0327697
0.999218 -0.0190479 -0.0346386
0.999157 -0.0141831 -0.0385243
0.999355 -0.0111145 -0.0341601
0.999675 -0.000635473 -0.0254743
0.999675 -0.000635473 -0.0254743
0.999675 -0.000635473 -0.0254743
0.999391 -0.00227585 -0.0348123
0.999028 -0.00524477 -0.0437561
0.997961 -0.0162354 -0.0617207
0.997747 -0.017997 -0.0646315
0.997127 -0.0225754 -0.072304
0.995933 -0.0280047 -0.0856286
0.994437 -0.0344345 -0.0995491
0.993602 -0.0379036 -0.106389
0.993602 -0.0379036 -0.106389
0.993588 -0.0353319 -0.107403
0.994089 -0.0258187 -0.10545
0.991934 -0.0394419 -0.120466
0.991083 -0.0387162 -0.127497
0.990669 -0.037158 -0.131124
0.989719 -0.0353381 -0.138589
0.989752 -0.0336051 -0.13879
0.989752 -0.0336051 -0.13879
0.989752 -0.0336051 -0.13879
0.989752 -0.0336051 -0.13879
0.989752 -0.0336051 -0.13879
0.989752 -0.0336051 -0.13879
0.989752 -0.0336051 -0.13879
0.989752 -0.0336051 -0.13879
0.989752 -0.0336051 -0.13879
0.989752 -0.0336051 -0.13879
0.989752 -0.0336051 -0.13879
0.989752 -0.0336051 -0.13879
0.989752 -0.0336051 -0.13879
0.989752 -0.0336051 -0.13879
0.989752 -0.0336051 -0.13879
0.991373 -0.0246006 -0.128742
0.991373 -0.0246006 -0.128742
0.991373 -0.0246006 -0.128742
0.991373 -0.0246006 -0.128742
0.991273 -0.0225594 -0.129878
0.991273 -0.0225594 -0.129878
0.991273 -0.0225594 -0.129878
0.991273 -0.0225594 -0.129878
0.991269 -0.0129959 -0.131214
0.992542 -0.00344976 -0.121851
0.9931 -0.00107431 -0.117267
0.991859 -0.00551848 -0.127222
0.991259 -0.0115873 -0.131422
0.991197 -0.0136308 -0.131695
0.992404 -0.00552746 -0.122895
0.992279 -0.00493314 -0.123931
0.992279 -0.00493314 -0.123931
0.992279 -0.00493314 -0.123931
0.992279 -0.00493314 -0.123931
0.993262 -0.00378405 -0.115825
0.99354 -0.00167854 -0.113469
0.993844 0.00138513 -0.110783
0.994205 0.00415748 -0.107422
0.994282 0.000618187 -0.106788
0.994081 -0.00165912 -0.108625
0.99396 -0.00846697 -0.10942
0.992988 -0.0183747 -0.116782
0.992814 -0.0161578 -0.118575
0.993449 -0.011484 -0.1137
0.993794 -0.00773064 -0.110966
0.994542 -0.0068445 -0.10411
0.994542 -0.0068445 -0.10411
0.994425 -0.00707914 -0.105212
0.994764 -0.00254942 -0.102168
0.994377 -0.00315881 -0.10585
0.99386 -0.00550743 -0.110506
0.993914 -0.00365858 -0.110095
0.993543 -0.00892264 -0.113101
0.992649 -0.0213339 -0.119132
0.992456 -0.0228552 -0.120448
0.991107 -0.0249169 -0.130711
0.991107 -0.0249169 -0.130711
0.991566 -0.0289447 -0.126328
0.991566 -0.0289447 -0.126328
0.991329 -0.0286486 -0.128242
0.989526 -0.0353344 -0.139964
0.988515 -0.0366592 -0.14661
0.989283 -0.0315478 -0.142559
0.990003 -0.0288179 -0.13807
0.989611 -0.0320898 -0.140143
0.989494 -0.0339931 -0.140519
0.989494 -0.0339931 -0.140519
0.989494 -0.0339931 -0.140519
0.989902 -0.0329057 -0.137884
0.989902 -0.0329057 -0.137884
0.989437 -0.0371267 -0.140129
0.987942 -0.0440643 -0.148423
0.986571 -0.0469131 -0.156448
0.984749 -0.0502151 -0.166579
0.984749 -0.0502151 -0.166579
0.984438 -0.050537 -0.168307
0.984196 -0.0504057 -0.169757
0.983308 -0.0528971 -0.174087
0.982233 -0.0560577 -0.179098
0.981595 -0.0578408 -0.182004
0.980695 -0.0603504 -0.185997
0.979179 -0.0644508 -0.192497
0.979179 -0.0644508 -0.192497
0.97845 -0.0651914 -0.195924
0.975777 -0.0720153 -0.206576
0.972618 -0.0797094 -0.218315
0.97117 -0.0832993 -0.223362
0.972878 -0.0804704 -0.216869
0.971384 -0.0827691 -0.222625
0.971384 -0.0827691 -0.222625
0.970852 -0.08221 -0.225138
0.970957 -0.0734852 -0.22769
0.965392 -0.0741052 -0.250054
0.965392 -0.0741052 -0.250054
0.963492 -0.0755439 -0.256858
0.963492 -0.0755439 -0.256858
0.963721 -0.0698933 -0.257599
0.963935 -0.0682605 -0.257234
0.960997 -0.0755019 -0.266053
0.960268 -0.0776131 -0.268072
0.958787 -0.0783686 -0.273105
0.955341 -0.0853517 -0.282912
0.955341 -0.0853517 -0.282912
0.955341 -0.0853517 -0.282912
0.952141 -0.0881454 -0.292674
0.946397 -0.093097 -0.309299
0.944029 -0.095814 -0.31564
0.944029 -0.095814 -0.31564
0.940124 -0.0974159 -0.326613
0.940124 -0.0974159 -0.326613
0.940124 -0.0974159 -0.326613
0.936196 -0.0998243 -0.337004
0.9314 -0.104762 -0.348597
0.931358 -0.10304 -0.349221
0.931358 -0.10304 -0.349221
0.928648 -0.0995777 -0.357347
0.922969 -0.102401 -0.371001
0.920427 -0.103711 -0.376905
0.918882 -0.0990906 -0.381887
0.916689 -0.0998995 -0.386913
0.914245 -0.0968322 -0.39342
0.909441 -0.101561 -0.40324
0.904323 -0.102292 -0.414411
0.901086 -0.103575 -0.421089
0.901086 -0.103575 -0.421089
0.900325 -0.092786 -0.425213
0.907343 -0.0828006 -0.412156
0.909989 -0.0859194 -0.405632
0.908737 -0.0887849 -0.407817
0.908649 -0.0833998 -0.409146
0.910583 -0.0754549 -0.406381
0.910583 -0.0754549 -0.406381
0.910583 -0.0754549 -0.406381
0.910583 -0.0754549 -0.406381
0.908169 -0.075236 -0.411787
0.908886 -0.0771045 -0.409855
0.908865 -0.0739601 -0.41048
0.907388 -0.0757151 -0.413417
0.90764 -0.0756696 -0.412872
0.90817 -0.073487 -0.4121
0.906602 -0.0762487 -0.41504
0.905953 -0.0805873 -0.415639
0.911097 -0.083402 -0.403667
0.916522 -0.0848964 -0.390871
0.921724 -0.0838906 -0.378665
0.924202 -0.084267 -0.372492
0.926164 -0.0872478 -0.366889
0.926164 -0.0872478 -0.366889
0.927201 -0.0866521 -0.364402
0.927201 -0.0866521 -0.364402
0.930392 -0.0880308 -0.355839
0.933068 -0.0904598 -0.34814
0.936403 -0.0895711 -0.339303
0.936403 -0.0895711 -0.339303
0.941656 -0.0868358 -0.325182
0.943424 -0.0868843 -0.320005
0.944435 -0.0901047 -0.316108
0.945327 -0.0907356 -0.313247
0.945983 -0.0920031 -0.310887
0.94668 -0.0940558 -0.308139
0.949663 -0.096739 -0.297961
0.949663 -0.096739 -0.297961
0.949663 -0.096739 -0.297961
0.949663 -0.096739 -0.297961
0.951669 -0.0953716 -0.291944
0.951669 -0.0953716 -0.291944
0.953617 -0.0857462 -0.288552
0.952093 -0.0838487 -0.294089
0.952093 -0.0838487 -0.294089
0.950157 -0.0882198 -0.29903
0.950157 -0.0882198 -0.29903
0.947078 -0.0946067 -0.306745
0.947078 -0.0946067 -0.306745
0.947078 -0.0946067 -0.306745
0.947573 -0.0962925 -0.304686
0.947573 -0.0962925 -0.304686
0.947547 -0.0963321 -0.304754
0.947547 -0.0963321 -0.304754
0.94892 -0.0955317 -0.300707
0.951008 -0.0935396 -0.294675
0.951008 -0.0935396 -0.294675
0.95082 -0.0971981 -0.2941
0.95082 -0.0971981 -0.2941
0.94868 -0.0998679 -0.300053
0.94868 -0.0998679 -0.300053
0.948754 -0.10137 -0.299315
0.950639 -0.104283 -0.29225
0.950656 -0.103865 -0.292343
0.952463 -0.0980857 -0.288433
0.952758 -0.0999121 -0.286828
0.951808 -0.102881 -0.288924
0.951808 -0.102881 -0.288924
0.951808 -0.102881 -0.288924
0.951983 -0.102753 -0.288391
0.95471 -0.098605 -0.280723
0.956118 -0.0981139 -0.276065
0.958348 -0.095624 -0.269118
0.958343 -0.0981451 -0.268228
0.958114 -0.100753 -0.268078
0.956829 -0.102137 -0.272113
0.957884 -0.101044 -0.26879
0.959686 -0.0999411 -0.262706
0.959827 -0.100234 -0.262079
0.959965 -0.102223 -0.260801
0.961719 -0.100606 -0.2549
0.962131 -0.100468 -0.253399
0.962131 -0.100468 -0.253399
0.963788 -0.0962636 -0.248689
0.966614 -0.0896292 -0.24005
0.966718 -0.0962527 -0.237047
0.966718 -0.0962527 -0.237047
0.963941 -0.101238 -0.246109
0.962958 -0.104019 -0.248779
0.964081 -0.100289 -0.245949
0.966736 -0.100517 -0.235199
0.968192 -0.10086 -0.228978
0.969652 -0.0987287 -0.223668
0.969652 -0.0987287 -0.223668
0.969652 -0.0987287 -0.223668
0.969652 -0.0987287 -0.223668
0.969652 -0.0987287 -0.223668
0.969652 -0.0987287 -0.223668
0.969232 -0.10235 -0.22386
0.969292 -0.102429 -0.223563
0.969292 -0.102429 -0.223563
0.970955 -0.101583 -0.216629
0.972009 -0.101274 -0.211996
0.972009 -0.101274 -0.211996
0.972009 -0.101274 -0.211996
0.971821 -0.111177 -0.207853
0.971821 -0.111177 -0.207853
0.971821 -0.111177 -0.207853
0.971821 -0.111177 -0.207853
0.971821 -0.111177 -0.207853
0.971821 -0.111177 -0.207853
0.971821 -0.111177 -0.207853
0.971821 -0.111177 -0.207853
0.971821 -0.111177 -0.207853
0.975479 -0.102946 -0.194533
0.977445 -0.0951202 -0.188556
0.977445 -0.0951202 -0.188556
0.979537 -0.0927346 -0.178628
0.979537 -0.0927346 -0.178628
0.978634 -0.107407 -0.175329
0.980637 -0.100535 -0.168059
0.982489 -0.0965974 -0.159323
0.982477 -0.0984809 -0.158243
0.982682 -0.101519 -0.155016
0.981602 -0.103297 -0.160585
0.983132 -0.100049 -0.153107
0.981951 -0.105028 -0.157295
0.980141 -0.112254 -0.163468
0.97837 -0.117348 -0.170357
0.97837 -0.117348 -0.170357
0.97802 -0.116931 -0.172636
0.97802 -0.116931 -0.172636
0.978969 -0.113375 -0.169606
0.979021 -0.116736 -0.167007
0.978315 -0.12365 -0.166166
0.97416 -0.137551 -0.179144
0.975045 -0.132942 -0.177804
0.977777 -0.12693 -0.166858
0.977777 -0.12693 -0.166858
0.977777 -0.12693 -0.166858
0.975666 -0.130922 -0.175884
0.977433 -0.124279 -0.170822
0.978853 -0.117799 -0.167244
0.980097 -0.113929 -0.162576
0.980097 -0.113929 -0.162576
0.980933 -0.111367 -0.159272
0.981549 -0.108417 -0.157501
0.981476 -0.111649 -0.155692
0.981476 -0.111649 -0.155692
0.981822 -0.110488 -0.15433
0.982156 -0.112135 -0.150983
0.982712 -0.108597 -0.149946
0.984997 -0.0965777 -0.143013
0.98621 -0.0931045 -0.13683
0.986529 -0.0915965 -0.135539
0.986634 -0.0895902 -0.136116
0.986572 -0.0887857 -0.137085
0.986565 -0.088747 -0.13716
0.986658 -0.0887252 -0.136509
0.986694 -0.0885479 -0.136363
0.986584 -0.0886007 -0.137123
0.98658 -0.0885341 -0.137192
0.986581 -0.0885173 -0.137198
0.986585 -0.0884586 -0.137205
0.986578 -0.0884972 -0.137231
0.986596 -0.0884129 -0.137152
0.986606 -0.088341 -0.137127
0.986605 -0.088374 -0.137112
0.98659 -0.0884543 -0.137168
0.986595 -0.0884336 -0.137149
0.986608 -0.0883896 -0.137085
0.986609 -0.0883875 -0.137078
0.986618 -0.0883423 -0.137042
0.98662 -0.0883416 -0.137028
0.986621 -0.0883649 -0.137009
0.986631 -0.0883075 -0.136971
0.98663 -0.0883403 -0.136956
0.986627 -0.0883709 -0.136956
0.98663 -0.0883753 -0.136934
