1 3.47028e-05 2.72054e-05
1 -5.74468e-05 8.93387e-06
1 -2.90907e-05 4.5175e-05
1 -1.69858e-05 3.38114e-05
1 -0.000122521 -1.19176e-05
1 -7.73776e-05 -1.06103e-05
1 -0.000306299 -0.000150006
1 -0.000339608 -0.000204437
1 -0.000589594 -0.000329289
0.999999 -0.00123014 -0.000647753
0.999999 -0.00121142 -0.000632968
0.999999 -0.001178 -0.000613325
0.999999 -0.00124681 -0.000639884
0.999999 -0.00130498 -0.000653267
0.999999 -0.00130335 -0.000620134
0.999999 -0.00134768 -0.000633044
0.999999 -0.00145128 -0.000662378
0.999999 -0.00143958 -0.000628775
0.999999 -0.00143958 -0.000628775
0.999999 -0.00144429 -0.000605996
0.999999 -0.00140568 -0.000600589
0.999999 -0.00136552 -0.000553143
0.999999 -0.00139157 -0.000550288
0.999999 -0.00134305 -0.000533518
0.999999 -0.00136905 -0.000538019
0.999999 -0.00138772 -0.000532909
0.999999 -0.00137842 -0.000516121
0.999999 -0.00134888 -0.000511309
0.999999 -0.00136571 -0.000510462
0.999999 -0.00139331 -0.000525918
0.999999 -0.00140175 -0.000530282
0.999999 -0.00141617 -0.00052242
0.999999 -0.0014092 -0.000514144
0.999999 -0.00140732 -0.000519099
0.999999 -0.00141607 -0.000516187
0.999999 -0.00143928 -0.000514234
0.999999 -0.00141575 -0.00050273
0.999999 -0.00145594 -0.000506912
0.999999 -0.00144166 -0.000503776
0.999999 -0.00150417 -0.000510961
0.999999 -0.00151052 -0.000503568
0.999999 -0.00158331 -0.000525656
0.999999 -0.00163836 -0.000560574
0.999998 -0.00168674 -0.000594133
0.999998 -0.00171148 -0.00060397
0.999998 -0.00170827 -0.000606698
0.999998 -0.00172518 -0.000609978
0.999998 -0.00173434 -0.000604839
0.999998 -0.0016594 -0.000567776
0.999998 -0.0016821 -0.000565863
0.999998 -0.00168826 -0.000558516
0.999998 -0.00170607 -0.000576275
0.999998 -0.00168601 -0.000549001
0.999998 -0.00168267 -0.000551263
0.999998 -0.00168661 -0.00054892
0.999998 -0.00168265 -0.000541158
0.999998 -0.00171146 -0.000551389
0.999998 -0.00172418 -0.000542204
0.999998 -0.00175577 -0.000567842
0.999998 -0.0017178 -0.000562959
0.999998 -0.00166649 -0.000563143
0.999998 -0.00165298 -0.000600237
0.999998 -0.00171247 -0.000604771
0.999998 -0.00169206 -0.000587346
0.999998 -0.00169767 -0.000591851
0.999998 -0.00169031 -0.000586972
0.999998 -0.00169874 -0.000586508
0.999998 -0.00165758 -0.000573391
0.999999 -0.00164397 -0.000525046
0.999998 -0.00177256 -0.000464585
0.999998 -0.00175192 -0.000406425
0.999998 -0.00180119 -0.000398092
0.999998 -0.00181295 -0.000396867
0.999998 -0.00178901 -0.000373451
0.999998 -0.00171815 -0.000330911
0.999999 -0.00159003 -0.000246403
0.999999 -0.00156791 -0.000240446
0.999999 -0.00141405 -0.000112302
0.999999 -0.00141405 -0.000112302
0.999999 -0.00132102 -4.7315e-05
0.999999 -0.00127059 -1.9688e-05
0.999999 -0.00128304 -1.97881e-05
0.999999 -0.00130192 -3.69765e-05
0.999999 -0.00132587 -5.9269e-05
0.999999 -0.00130811 -3.38591e-05
0.999999 -0.00134167 -3.74157e-05
0.999999 -0.00135903 -2.98192e-05
0.999999 -0.00135419 -4.0912e-05
0.999999 -0.00135073 -1.19983e-05
0.999999 -0.00137362 -6.68756e-06
0.999999 -0.00134571 7.69466e-06
0.999999 -0.00133498 1.52737e-05
0.999999 -0.00128837 -0.000128012
0.999999 -0.00118694 -0.000190406
0.999999 -0.00126696 3.38286e-06
0.999999 -0.00165642 0.000370204
0.999999 -0.00168582 -2.85146e-05
0.999998 -0.00186073 -0.000462065
0.999998 -0.00179967 -0.000487922
0.999999 -0.00170657 -4.06406e-05
0.999999 -0.00157909 -0.000214544
0.999999 -0.00137298 -0.000714768
0.999998 -0.00176276 -8.85479e-05
0.999999 -0.00139924 0.000808543
0.999986 0.00249081 0.00458569
0.99975 0.00438384 0.0219104
0.99975 0.00438384 0.0219104
0.999828 0.00435505 0.0180531
0.999828 0.00435505 0.0180531
0.999703 0.000383896 0.0243523
0.999952 -0.00169114 0.00961048
0.999974 -0.00653158 0.00302076
0.999954 -0.00710594 -0.00650226
0.999987 -0.00291492 -0.00418848
0.999927 -0.0076169 -0.00934158
0.999749 -0.00953396 -0.0202733
0.999749 -0.00953396 -0.0202733
0.999765 -0.00217048 -0.0215521
0.999765 -0.00217048 -0.0215521
0.99954 -0.00314791 -0.0301594
0.9994 -0.00434841 -0.0343482
0.9994 -0.00434841 -0.0343482
0.999506 0.00281019 -0.0312882
0.999506 0.00281019 -0.0312882
0.999437 0.00415623 -0.0332896
0.999437 0.00415623 -0.0332896
0.998972 0.00746057 -0.0447205
0.999181 0.0104425 -0.0390925
0.999007 0.020706 -0.0394517
0.998681 0.0293139 -0.0421617
0.997625 0.0329752 -0.0604682
0.997331 0.0386427 -0.0619466
0.997454 0.0396176 -0.0592949
0.997326 0.0349824 -0.0641688
0.997502 0.0301233 -0.0638998
0.997799 0.0305154 -0.0588657
0.997994 0.0334437 -0.0537534
0.998172 0.029351 -0.0528253
0.997648 0.0272289 -0.0629092
0.997671 0.0223592 -0.0644446
0.996592 0.0167693 -0.0807678
0.996176 0.01145 -0.0866184
0.99617 0.00700331 -0.0871582
0.99617 0.00700331 -0.0871582
0.996879 0.0058124 -0.0787298
0.997136 0.00620148 -0.0753766
0.998184 0.0118467 -0.0590648
0.998184 0.0118467 -0.0590648
0.998184 0.0118467 -0.0590648
0.998184 0.0118467 -0.0590648
0.998184 0.0118467 -0.0590648
0.998184 0.0118467 -0.0590648
0.998184 0.0118467 -0.0590648
0.998184 0.0118467 -0.0590648
0.997894 0.0152158 -0.0630502
0.997894 0.0152158 -0.0630502
0.997756 0.016025 -0.0650107
0.997756 0.016025 -0.0650107
0.997712 0.018466 -0.0650342
0.997712 0.018466 -0.0650342
0.997712 0.018466 -0.0650342
0.997712 0.018466 -0.0650342
0.997945 0.0188012 -0.0612496
0.997864 0.0239231 -0.0607822
0.997871 0.0298815 -0.0579786
0.998152 0.0361158 -0.0488674
0.998315 0.0378385 -0.0439889
0.998249 0.0401481 -0.0434401
0.998688 0.0342689 -0.038056
0.998422 0.0347625 -0.0441136
0.998285 0.0440458 -0.0385547
0.998349 0.0430636 -0.0379996
0.998349 0.0430636 -0.0379996
0.998512 0.0403405 -0.0366974
0.998537 0.0402165 -0.03614
0.998537 0.0402165 -0.03614
0.998691 0.0357186 -0.0366194
0.998691 0.0357186 -0.0366194
0.998795 0.0316782 -0.0374944
0.998673 0.0271618 -0.0437568
0.998639 0.0246382 -0.0459693
0.998579 0.0232752 -0.0479409
0.998515 0.0239982 -0.0488976
0.998491 0.0221866 -0.050232
0.998143 0.0235699 -0.0561611
0.998002 0.02499 -0.0580275
0.997916 0.024715 -0.059613
0.997779 0.0227985 -0.0625858
0.997569 0.0219817 -0.0661303
0.997364 0.018425 -0.0701755
0.997058 0.0164322 -0.0748657
0.996811 0.0196819 -0.0773349
0.99645 0.0240282 -0.0806821
0.996171 0.0259821 -0.0834734
0.996171 0.0259821 -0.0834734
0.996092 0.0252501 -0.0846389
0.996092 0.0252501 -0.0846389
0.996092 0.0252501 -0.0846389
0.995599 0.0245345 -0.0904521
0.994955 0.0209543 -0.0981118
0.99481 0.0198266 -0.0997954
0.994587 0.0192424 -0.102107
0.994452 0.0174391 -0.103734
0.994531 0.017226 -0.103013
0.99476 0.018048 -0.100632
0.994648 0.0174643 -0.101839
0.994502 0.0163106 -0.103439
0.994567 0.0169192 -0.102712
0.994734 0.0118198 -0.101802
0.994627 0.0127341 -0.102741
0.994828 0.0155205 -0.100384
0.99497 0.017544 -0.0986215
0.99527 0.0206423 -0.0949338
0.995509 0.0217359 -0.0921394
0.995534 0.0210097 -0.0920327
0.995563 0.0219082 -0.0915074
0.995627 0.0207681 -0.0910794
0.996188 0.0209489 -0.0846764
0.996196 0.0196827 -0.0848937
0.996402 0.0194275 -0.0825002
0.99642 0.0125218 -0.0836088
0.997247 0.0100762 -0.0734654
0.997429 0.00956351 -0.0710203
0.99774 0.00706586 -0.0668209
0.997792 0.00412298 -0.0662817
0.997924 0.00324009 -0.0643276
0.998294 -0.0019414 -0.0583594
0.998344 -0.00677777 -0.0571261
0.99865 -0.00897052 -0.0511612
0.99865 -0.00897052 -0.0511612
0.998744 -0.00684718 -0.0496282
0.998801 -0.00635735 -0.0485449
0.999015 -0.00412381 -0.044179
0.999038 -0.00319584 -0.0437268
0.998959 -0.00876841 -0.0447555
0.999115 -0.00756062 -0.0413654
0.999094 -0.0076837 -0.0418606
0.999085 -0.010161 -0.041549
0.999085 -0.010161 -0.041549
0.999219 -0.00808603 -0.0386697
0.999219 -0.00808603 -0.0386697
0.999168 -0.00813828 -0.0399589
0.999289 -0.0117445 -0.0358361
0.999155 -0.0117027 -0.039409
0.999434 -0.00426574 -0.0333817
0.999371 -0.00265291 -0.035376
0.99944 -0.00395401 -0.0332371
0.998827 -0.00459688 -0.0482047
0.998827 -0.00459688 -0.0482047
0.99865 -0.00540488 -0.0516602
0.998967 -0.00327715 -0.0453129
0.998818 -0.00276767 -0.0485355
0.998546 -0.00287751 -0.0538328
0.998171 0.000912112 -0.060453
0.998266 0.00674107 -0.0584764
0.998218 0.0102862 -0.0587824
0.997993 0.0142713 -0.061689
0.997632 0.0169411 -0.0666652
0.997548 0.0195105 -0.0672125
0.997472 0.0227186 -0.067327
0.997258 0.0268962 -0.068936
0.997263 0.0223413 -0.0704819
0.997189 0.0205763 -0.0720484
0.997239 0.0216864 -0.0710247
0.997459 0.012085 -0.070213
0.997379 0.0141541 -0.0709557
0.997363 0.015747 -0.0708423
0.997502 0.0162119 -0.068757
0.997703 0.0100901 -0.0669853
0.997363 0.00431438 -0.0724412
0.997222 0.00566877 -0.0742762
0.997503 0.00361421 -0.0705364
0.997368 0.00205511 -0.0724783
0.997391 0.00152751 -0.0721677
0.997455 0.00084222 -0.0712922
0.997486 -0.000145177 -0.0708669
0.997511 -0.00346367 -0.0704286
0.997511 -0.00346367 -0.0704286
0.997479 -0.00645076 -0.0706624
0.997771 -0.00485682 -0.0665614
0.997832 0.000165809 -0.065805
0.998048 0.0045831 -0.062279
0.997678 0.00283966 -0.0680496
0.99771 0.00239843 -0.0675965
0.99736 0.00507859 -0.0724325
0.997544 0.00618623 -0.0697756
0.997482 0.00728822 -0.0705494
0.997745 0.0123415 -0.0659721
0.998113 0.0136551 -0.0598614
0.998484 0.013849 -0.0532768
0.99868 0.00918049 -0.0505327
0.998626 0.00353053 -0.0522899
0.998614 0.000191803 -0.0526269
0.999013 0.00594346 -0.0440295
0.999013 0.00594346 -0.0440295
0.998944 0.00982032 -0.0448822
0.999092 0.00610013 -0.042173
0.999079 0.0017809 -0.0428771
0.998384 -0.00504393 -0.056601
0.998305 -0.00812569 -0.0576315
0.998001 -0.0163793 -0.0610368
0.998168 -0.0126708 -0.0591652
0.997795 -0.0182974 -0.0638051
0.997362 -0.0219861 -0.0691772
0.997707 -0.018011 -0.0652403
0.998457 -0.0114708 -0.0543405
0.998575 -0.0106559 -0.0522832
0.99852 -0.0119095 -0.05306
0.99836 -0.0116157 -0.0560569
0.99836 -0.0116157 -0.0560569
0.997874 -0.00945595 -0.0644788
0.998218 -0.0080554 -0.0591322
0.997826 -0.00227951 -0.065864
0.997864 -0.00325064 -0.0652371
0.997242 -0.0127049 -0.0731273
0.997861 -0.00177826 -0.0653473
0.998127 0.00211721 -0.0611368
0.997569 -0.00341911 -0.0696002
0.997739 -0.00304111 -0.0671416
0.997739 -0.00304111 -0.0671416
0.997845 -0.00463214 -0.0654499
0.997162 -0.0136465 -0.0740365
0.997712 -0.0196537 -0.064688
0.997526 -0.022873 -0.0664736
0.998631 -0.0213435 -0.0477632
0.998631 -0.0213435 -0.0477632
0.998507 -0.0238433 -0.0491402
0.999024 -0.0255173 -0.0360652
0.999218 -0.0339671 -0.0202487
0.999183 -0.0373192 -0.0155397
0.999343 -0.0359845 0.00427709
0.999343 -0.0359845 0.00427709
0.999327 -0.0355146 0.0092059
0.999262 -0.0366091 0.011658
0.999252 -0.0368578 0.011709
0.999194 -0.038048 0.0127615
0.999184 -0.0383305 0.012756
0.999177 -0.0385061 0.0127813
0.999174 -0.0385494 0.0128262
0.999169 -0.0386819 0.0128431
0.999167 -0.038709 0.0128829
0.999174 -0.0385253 0.0129295
0.99917 -0.0386039 0.0129697
0.999166 -0.0387104 0.0130201
0.999161 -0.0388512 0.012967
0.999156 -0.0389386 0.0130927
0.999154 -0.0389984 0.0130874
0.999151 -0.0390465 0.0131295
0.999147 -0.0391329 0.0131728
0.999146 -0.0391046 0.0133485
0.999145 -0.0390874 0.0134935
0.999141 -0.039171 0.0135177
0.999138 -0.0392421 0.0135677
0.999137 -0.039243 0.0136051
0.999137 -0.039231 0.0136716
0.999135 -0.0392489 0.0137043
0.999134 -0.0392795 0.0137074
0.999132 -0.0393193 0.0137233
0.999131 -0.0393522 0.0137477
0.999129 -0.0394035 0.0137695
