-0.000280316 -0.00301264 0.00800853
0.00560992 0.010909 -0.00934232
-0.02765 -0.00595262 0.00903371
-0.0329161 -0.00927124 0.01698
-0.0384668 -0.0166249 0.0104662
-0.0384668 -0.0166249 0.0104662
-0.0511482 -0.0332523 0.018777
-0.0244246 -0.0221818 -0.0137045
-0.0116114 -0.0139897 -0.0311954
-0.0650054 -0.0323832 0.0229928
-0.0798657 -0.0423094 0.0351396
-0.0877452 -0.0369257 0.0519196
-0.0852727 -0.0382806 0.0405394
-0.121576 -0.0426444 0.0781693
-0.12783 -0.0231679 0.0841325
-0.134888 -0.0207131 0.0898885
-0.111362 -0.0147278 0.0504745
-0.180307 -0.0421199 0.108301
-0.185959 -0.063029 0.112246
-0.0781303 -0.0110728 -0.0107783
0.179222 0.107277 -0.263221
0.271362 0.165612 -0.32285
0.294307 0.135941 -0.297212
0.0926175 0.0900949 -0.0894677
0.147889 0.0815266 -0.134669
0.231784 0.0978512 -0.212304
0.209486 0.0760924 -0.198044
0.228394 0.0798623 -0.244694
0.346314 0.109158 -0.441204
0.139819 0.0293385 -0.256595
0.0100585 -0.0372898 -0.152688
-0.0614862 -0.0400454 -0.0926216
-0.0980106 -0.0734103 -0.0819628
-0.0807067 -0.0806174 -0.0987451
-0.113944 -0.0984359 -0.0865089
-0.122311 -0.115261 -0.0916575
-0.146818 -0.176999 -0.063491
-0.11211 -0.154729 -0.16395
-0.187692 -0.162192 -0.0672929
-0.128081 -0.136589 -0.148795
-0.297137 -0.169113 0.110181
-0.0933377 -0.108424 -0.34816
0.068641 -0.0277101 -0.667268
-0.296722 -0.255017 0.146359
-0.67559 -0.331298 0.466098
-0.680983 -0.446702 0.626941
-3.89634 -2.56464 4.68173
-3.89634 -2.56464 4.68173
9.54581 -2.88806 1.8223
22.5659 0.487559 -1.66141
20.79 0.220002 1.7299
33.0224 1.81335 -2.23644
50.9941 3.1374 -9.45195
66.6111 7.50368 -20.5371
75.0944 13.0863 -27.708
74.5291 14.9242 -27.3577
67.787 15.2726 -21.3184
67.787 15.2726 -21.3184
67.787 15.2726 -21.3184
76.9888 16.5927 -22.6921
85.7287 18.3691 -24.3833
102.624 21.3721 -28.601
112.955 21.0908 -32.0038
124 21.3327 -33.1372
138.063 21.4011 -33.8358
156.578 24.535 -35.2053
170.419 27.2973 -37.5869
170.419 27.2973 -37.5869
179.481 28.5406 -35.0061
187.522 28.4209 -35.5732
204.384 29.6495 -38.6899
218.107 29.8544 -41.7858
227.263 30.4041 -43.9121
240.793 32.0644 -46.9547
248.187 34.8767 -48.9314
248.187 34.8767 -48.9314
248.187 34.8767 -48.9314
248.187 34.8767 -48.9314
248.187 34.8767 -48.9314
248.187 34.8767 -48.9314
248.187 34.8767 -48.9314
248.187 34.8767 -48.9314
248.187 34.8767 -48.9314
248.187 34.8767 -48.9314
248.187 34.8767 -48.9314
248.187 34.8767 -48.9314
248.187 34.8767 -48.9314
248.187 34.8767 -48.9314
248.187 34.8767 -48.9314
260.392 39.4441 -59.6025
260.392 39.4441 -59.6025
260.392 39.4441 -59.6025
260.392 39.4441 -59.6025
279.665 49.271 -68.2412
279.665 49.271 -68.2412
279.665 49.271 -68.2412
279.665 49.271 -68.2412
293.914 56.4239 -77.0592
290.598 62.4029 -81.2222
287.99 64.9995 -84.5041
305.624 69.1622 -92.3101
319.153 76.4254 -100.021
331.675 88.8505 -109.665
324.499 94.074 -124.641
330.509 109.528 -132.481
330.509 109.528 -132.481
330.509 109.528 -132.481
330.509 109.528 -132.481
317.469 119.252 -126.415
313.524 129.724 -124.991
311.213 140.597 -124.575
307.076 148.604 -124.202
305.492 153.035 -122.97
310.025 159.702 -125.38
318.878 167.648 -129.911
332.793 176.8 -134.39
338.201 192.765 -147.309
334.412 201.796 -153.601
333.071 209.259 -158.818
325.525 217.29 -158.835
325.525 217.29 -158.835
325.955 229.204 -159.499
322.783 241.32 -162.487
327.854 251.921 -166.534
332.893 259.415 -167.943
331.331 263.363 -167.558
335.591 268.123 -169.104
343.6 274.233 -168.452
342.445 286.092 -165.977
349.387 300.87 -167.457
349.387 300.87 -167.457
344.459 315.023 -169.056
344.459 315.023 -169.056
348.709 328.306 -171.882
365.932 339.957 -176.53
374.214 352.664 -180.441
368.764 360.477 -181.421
360.803 366.69 -180.19
358.582 373.162 -177.517
354.08 379.397 -173.17
354.08 379.397 -173.17
354.08 379.397 -173.17
351.333 388.591 -167.741
351.333 388.591 -167.741
353.232 398.878 -165.176
362.508 411.065 -165.069
370.56 422.625 -167.396
381.712 434.845 -170.726
381.712 434.845 -170.726
382.688 439.859 -170.662
382.853 448.963 -169.074
385.241 453.936 -166.777
387.763 458.211 -165.126
387.121 464.845 -162.788
391.945 474.085 -162.217
395.693 482.288 -162.373
395.693 482.288 -162.373
392.658 488.2 -161.924
399.399 498.974 -161.831
405.94 504.514 -157.601
411.997 512.233 -154.206
400.718 517.219 -152.386
406.217 525.348 -148.485
406.217 525.348 -148.485
412.268 531.118 -149.147
410.694 530.227 -151.023
431.858 531.526 -154.412
431.858 531.526 -154.412
448.664 533.663 -155.465
448.664 533.663 -155.465
455.552 541.996 -160.361
455.845 546.419 -163.391
460.139 553.544 -159.27
462.191 556.89 -160.474
467.457 563.718 -158.61
477.441 571.495 -157.854
477.441 571.495 -157.854
477.441 571.495 -157.854
489.361 584.175 -156.983
504.16 599.401 -151.995
510.427 606.597 -151.094
510.427 606.597 -151.094
518.017 619.217 -148.853
518.017 619.217 -148.853
518.017 619.217 -148.853
527.975 628.688 -144.544
533.824 636.249 -138.773
530.061 639.748 -136.225
530.061 639.748 -136.225
527.836 648.142 -130.518
524.649 662.901 -122.646
522.884 671.611 -120.568
520.255 677.772 -116.176
519.893 684.968 -115.488
525.464 699.164 -115.457
526.438 709.829 -113.476
531.272 720.991 -110.975
534.494 730.169 -110.721
534.494 730.169 -110.721
529.587 732.354 -106.398
525.355 738.929 -104.466
523.864 745.764 -101.965
511.778 754.349 -103.177
502.345 759.764 -110.763
504.269 765.67 -124.419
504.269 765.67 -124.419
504.269 765.67 -124.419
504.269 765.67 -124.419
520.666 770.704 -144.302
536.772 772.674 -158.557
546.345 774.101 -166.234
551.801 774.599 -171.868
553.417 775.142 -179.073
552.258 773.661 -185.832
557.13 773.411 -194.952
564.7 771.099 -199.549
561.377 758.26 -204.765
562.484 747.949 -212.895
566.735 735.207 -222.745
576.114 725.899 -231.505
585.458 716.834 -240.489
585.458 716.834 -240.489
592.886 711.305 -248.726
592.886 711.305 -248.726
594.227 704.598 -256.268
585.134 696.928 -258.929
583.382 687.593 -265.065
583.382 687.593 -265.065
575.674 673.046 -271.483
576.33 662.269 -277.779
573.509 654.758 -280.625
570.068 646.221 -282.707
569.409 637.878 -284.831
570.384 630.011 -288.02
561.959 614.831 -290.182
561.959 614.831 -290.182
561.959 614.831 -290.182
561.959 614.831 -290.182
561.595 600.923 -289.127
561.595 600.923 -289.127
565.023 597.936 -297.437
578.064 589.981 -304.366
578.064 589.981 -304.366
585.267 581.731 -298.057
585.267 581.731 -298.057
582.153 575.537 -281.251
582.153 575.537 -281.251
582.153 575.537 -281.251
566.083 569.116 -264.049
566.083 569.116 -264.049
554.09 561.498 -251.202
554.09 561.498 -251.202
537.568 551.239 -235.594
518.815 539.874 -215.326
518.815 539.874 -215.326
508.45 528.987 -198.084
508.45 528.987 -198.084
510.676 522.683 -186.776
510.676 522.683 -186.776
507.721 513.925 -179.695
495.367 508.205 -176.893
496.777 504.929 -177.502
494.639 496.202 -181.766
493.788 487.791 -184.332
499.297 478.38 -187.361
499.297 478.38 -187.361
499.297 478.38 -187.361
502.339 472.834 -190.775
499.288 464.189 -196.992
499.292 459.015 -201.689
496.305 452.115 -206.325
504.22 447.927 -216.057
511.457 443.11 -225.84
519.719 442.57 -230.345
519.061 437.983 -236.103
518.618 435.061 -246.439
522.837 430.047 -255.364
528.055 425.635 -263.47
528.668 419.521 -273.181
533.606 415.954 -282.836
533.606 415.954 -282.836
532.549 406.23 -293.602
525.77 396.712 -304.589
526.457 390.404 -314.469
526.457 390.404 -314.469
535.068 391.277 -320.047
530.433 390.596 -323.019
528.736 390.449 -327.727
517.67 382.145 -330.281
508.351 380.534 -326.88
489.524 379.155 -323.023
489.524 379.155 -323.023
489.524 379.155 -323.023
489.524 379.155 -323.023
489.524 379.155 -323.023
489.524 379.155 -323.023
472.179 366.197 -313.319
455.669 354.873 -303.769
455.669 354.873 -303.769
435.709 346.238 -298.084
416.281 338.048 -291.544
416.281 338.048 -291.544
416.281 338.048 -291.544
396.619 329.633 -280.124
396.619 329.633 -280.124
396.619 329.633 -280.124
396.619 329.633 -280.124
396.619 329.633 -280.124
396.619 329.633 -280.124
396.619 329.633 -280.124
396.619 329.633 -280.124
396.619 329.633 -280.124
378.369 326.032 -277.154
366.746 324.815 -274.644
366.746 324.815 -274.644
360.338 325.764 -277.764
360.338 325.764 -277.764
359.85 316.64 -276.959
350.346 315.402 -274.241
339.532 313.806 -272.27
335.445 312.509 -270.413
326.45 307.721 -262.639
316.648 308.521 -255.318
298.653 307.232 -243.953
287.534 303.038 -234.81
277.028 296.389 -227.058
266.029 286.429 -223.417
266.029 286.429 -223.417
247.085 269.802 -208.402
247.085 269.802 -208.402
226.931 258.59 -198.613
210.279 246.42 -190.286
200.752 235.134 -183.482
196.938 219.699 -176.665
187.221 211.884 -171.625
168.046 198.047 -159.044
168.046 198.047 -159.044
168.046 198.047 -159.044
158.544 193.324 -153.313
142.184 187.496 -149.278
128.847 182.149 -146.798
116.632 179.227 -144.86
116.632 179.227 -144.86
106.369 175.725 -139.981
98.2627 173.466 -137.464
95.4417 172.588 -139.546
95.4417 172.588 -139.546
92.3265 171.772 -138.971
91.1186 171.329 -138.952
89.4549 171.943 -139.619
95.5642 174.632 -146.239
94.8354 175.199 -148.716
94.3217 174.991 -148.798
93.6184 174.512 -147.954
92.9784 174.157 -147.233
92.963 174.177 -147.204
93.0458 174.208 -147.443
93.0293 174.185 -147.457
92.8744 174.173 -147.169
92.8368 174.127 -147.106
92.8233 174.132 -147.119
92.9983 174.132 -147.285
93.0735 174.249 -147.34
92.8799 174.148 -147.198
92.9439 174.138 -147.221
93.0179 174.201 -147.312
93.0586 174.257 -147.324
93.048 174.247 -147.314
92.9831 174.209 -147.276
92.9965 174.198 -147.282
93.0344 174.202 -147.322
93.0565 174.196 -147.34
93.0628 174.227 -147.353
93.0676 174.208 -147.362
93.0284 174.211 -147.324
93.1076 174.251 -147.392
93.0956 174.24 -147.384
