-0.112195 -0.0206192 0.114111
-0.2512 0.000400533 0.270749
-0.204386 -0.00269303 0.148377
-0.071852 0.0377898 0.0112611
-0.0234395 0.102192 -0.0384136
0.0391925 0.0892917 -0.0859369
0.406551 0.216405 -0.406032
0.285256 0.200026 -0.219643
0.283678 0.215173 -0.161408
0.181345 0.29738 0.0701576
0.0893872 0.253503 0.152514
-0.0661409 0.180716 0.307423
-0.0596723 0.207477 0.322583
0.0581248 0.260603 0.1844
-0.071335 0.230412 0.317014
-0.0308752 0.257336 0.276564
-0.0330429 0.270112 0.307321
-0.156953 0.253033 0.41127
-0.156953 0.253033 0.41127
-0.269514 0.181767 0.521186
-0.244427 0.182279 0.502178
-0.368179 0.124155 0.60756
-0.383399 0.122082 0.628096
-0.315061 0.11408 0.542434
-0.320374 0.107785 0.549226
-0.314541 0.137619 0.537972
-0.365547 0.124593 0.571748
-0.364202 0.104556 0.582865
-0.314986 0.127467 0.522111
-0.282552 0.133764 0.508314
-0.23641 0.160737 0.460947
-0.277671 0.149549 0.509852
-0.257093 0.167088 0.481393
-0.228474 0.147453 0.45492
-0.243972 0.140014 0.476876
-0.236479 0.169645 0.455507
-0.220669 0.158944 0.448562
-0.221952 0.160308 0.449849
-0.230419 0.142637 0.456352
-0.21465 0.178783 0.438964
-0.233588 0.187012 0.455313
-0.234234 0.203163 0.46521
-0.160907 0.245739 0.400507
-0.0919003 0.267714 0.345366
-0.0891066 0.266499 0.353366
-0.0544957 0.285275 0.310802
-0.0174375 0.304921 0.272589
-0.0436886 0.28934 0.297479
0.0635816 0.288459 0.144708
0.0438573 0.289693 0.159685
0.022131 0.287799 0.181046
0.042396 0.292028 0.17465
-0.0245977 0.268446 0.234221
-0.0195131 0.279422 0.231186
0.0487165 0.301903 0.154815
0.0467824 0.299917 0.147918
0.0464424 0.299115 0.155812
0.0427978 0.32276 0.146845
0.0302996 0.324856 0.176262
-5.26995e-05 0.273069 0.201776
-0.00460849 0.268707 0.21444
0.0688627 0.280994 0.166826
0.0710031 0.299038 0.163154
0.0151134 0.285827 0.215585
0.00703379 0.265623 0.226721
0.0269653 0.284425 0.203238
0.0478213 0.295831 0.184562
0.0581732 0.291474 0.164977
0.112826 0.277297 0.0537
0.258158 0.348037 -0.108729
0.251531 0.328757 -0.106037
0.171332 0.30004 -0.0268086
0.17748 0.28712 -0.0330323
0.150017 0.271753 -0.0205425
0.0659256 0.237854 0.0478783
-0.0244554 0.190562 0.114229
0.0379209 0.187477 0.051711
0.0442418 0.172523 -0.0445939
0.0442418 0.172523 -0.0445939
-0.0445037 0.15619 0.0186109
-0.176903 0.0815337 0.160361
-0.253166 0.0581236 0.248684
-0.203006 0.0653032 0.208035
-0.173409 0.0491331 0.18185
-0.235508 0.0335701 0.241695
-0.217169 0.0745024 0.222072
-0.2432 0.0708381 0.24439
-0.209534 0.0686716 0.222113
-0.340913 0.0187827 0.348618
-0.347361 0.0338089 0.346731
-0.304994 0.049563 0.29155
-0.313607 0.0514411 0.30021
-0.316694 0.0330578 0.354424
-0.356211 0.0230043 0.425114
-0.342216 0.0431292 0.343052
-0.515595 -0.0204485 0.444893
-0.594831 -0.113671 0.65462
-1.17068 -0.380034 1.37618
-1.1284 -0.360415 1.31539
-1.13165 -0.344614 1.23455
-1.16349 -0.3999 1.34871
-1.45 -0.595081 1.79637
-2.15364 -0.695906 2.43202
-1.49784 -0.288783 1.54742
-1.57052 -0.264212 0.839023
-0.446478 0.757999 -2.34343
-0.446478 0.757999 -2.34343
4.14671 0.0523609 3.8862
4.14671 0.0523609 3.8862
13.4237 2.23007 1.88551
23.8177 4.92007 4.35504
37.9597 8.1404 5.89094
56.3492 12.3113 6.51457
64.8615 14.2883 9.09406
83.6489 17.7504 6.40766
102.18 20.3052 1.24051
102.18 20.3052 1.24051
111.882 23.914 0.765851
111.882 23.914 0.765851
127.005 28.4945 -2.84031
138.185 31.2029 -3.51328
138.185 31.2029 -3.51328
142.837 30.4678 -1.22507
142.837 30.4678 -1.22507
151.286 27.54 0.0844411
151.286 27.54 0.0844411
167.461 30.6175 -4.17189
174.69 29.6663 -4.01651
180.524 29.7744 -3.91808
186.317 30.063 -2.38206
201.039 30.154 1.06829
206.082 31.9546 1.915
213.139 33.647 0.136067
226.263 35.9293 -2.4911
239.152 37.9519 -6.23276
251.199 38.1518 -8.30046
259.008 40.8312 -8.29244
264.021 41.5545 -2.72208
274.454 44.1813 0.159935
280.416 45.0281 6.21141
295.851 47.0751 11.1448
306.206 49.4898 15.7555
312.411 50.543 20.0281
312.411 50.543 20.0281
319.094 50.7344 20.6773
327.738 50.5254 22.3433
330.883 53.0527 20.7336
330.883 53.0527 20.7336
330.883 53.0527 20.7336
330.883 53.0527 20.7336
330.883 53.0527 20.7336
330.883 53.0527 20.7336
330.883 53.0527 20.7336
330.883 53.0527 20.7336
350.866 53.9751 16.8812
350.866 53.9751 16.8812
366.942 56.427 12.1698
366.942 56.427 12.1698
381.076 61.1459 4.21895
381.076 61.1459 4.21895
381.076 61.1459 4.21895
381.076 61.1459 4.21895
390.823 65.8268 -3.09752
399.553 72.4987 -11.732
400.955 77.2384 -16.3449
390.784 80.132 -17.2454
385.11 81.822 -18.4938
381.467 80.8229 -17.9258
375.085 77.4335 -13.4949
381.782 80.4551 -15.6048
382.646 93.2451 -20.5567
397.104 107.953 -29.2249
397.104 107.953 -29.2249
400.24 120.841 -29.2743
394.024 136.978 -23.8
394.024 136.978 -23.8
384.095 145.495 -14.6675
384.095 145.495 -14.6675
379.071 151.723 -11.3898
387.164 160.437 -12.3159
393.226 173.332 -11.7581
399.726 184.382 -12.8561
405.491 194.462 -14.3357
408.226 201.463 -12.9321
423.69 213.398 -17.322
431.145 224.254 -18.5269
434.672 231.217 -17.688
436.631 241.633 -14.9651
444.022 252.119 -14.7042
450.437 261.796 -12.8016
466.547 269.787 -18.5189
480.299 281.356 -26.1122
493.368 293.356 -33.2944
506.816 302.31 -39.5376
506.816 302.31 -39.5376
514.985 312.114 -41.9358
514.985 312.114 -41.9358
514.985 312.114 -41.9358
522.928 328.693 -45.5884
535.606 345.594 -50.4838
540.3 355.116 -50.8664
545.899 365.868 -51.6365
552.388 375.023 -55.532
545.528 384.763 -53.9071
535.698 394.382 -51.6433
536.479 408.085 -53.0756
542.796 420.067 -57.2658
548.639 432.051 -62.1929
548.313 447.96 -69.7394
560.637 459.491 -79.6057
566.218 468.712 -85.6964
565.68 477.118 -88.9938
555.142 482.534 -89.5024
538.63 484.27 -85.5141
519.646 484.962 -77.7063
507.458 485.192 -74.8211
495.782 484.64 -72.6243
475.774 483.061 -67.6206
466.597 482.08 -68.9181
461.211 481.907 -68.5208
461.595 481.554 -71.1533
448.919 477.974 -67.1172
430.881 475.792 -58.3086
416.439 469.739 -51.5267
404.474 466.052 -47.1008
386.501 460.974 -40.0806
377.651 459.674 -39.5039
370.363 453.841 -39.7187
350.259 452.296 -36.3173
350.259 452.296 -36.3173
331.493 448.215 -26.5709
316.093 442.945 -16.9584
297.408 438.261 -7.0321
283.008 432.107 -0.972917
274.043 428.576 -2.48688
259.741 425.79 -2.84833
249.776 422.618 -3.51193
236.094 418.754 -4.06175
236.094 418.754 -4.06175
219.636 412.324 -1.34903
219.636 412.324 -1.34903
210.812 408.104 0.0479988
196.394 404.849 1.28347
185.082 400.776 4.14612
169.223 394.355 8.90772
155.942 390.676 17.1272
146.128 386.867 22.8658
143.457 386.856 17.7126
143.457 386.856 17.7126
125.028 381.424 31.7583
105.751 377.367 41.1397
97.2187 375.656 44.8965
91.9615 376.799 48.7736
86.6288 376.556 51.2726
78.1523 373.057 53.7168
68.4914 370.78 57.0109
59.0582 369.243 60.3293
54.9147 367.451 61.7078
45.9923 363.263 66.6669
33.4694 360.627 73.1079
24.8302 357.306 76.3247
16.567 353.705 80.6672
11.5599 350.776 82.1062
4.96828 347.847 82.9018
-5.17207 344.96 85.9041
-15.4009 342.716 91.4452
-22.6884 338.506 95.6784
-29.6866 333.746 99.2484
-36.3179 327.648 103.572
-40.8107 318.839 106.959
-43.5233 308.619 105.522
-44.3302 297.484 103.872
-44.6325 285.886 104.368
-44.8373 276.658 104.361
-45.4236 262.314 104.607
-45.9019 250.084 105.351
-45.3157 238.092 104.674
-45.3157 238.092 104.674
-44.8454 230.568 103.831
-46.0645 224.206 102.723
-44.7318 217.959 101.127
-41.2223 210.711 98.4782
-38 202.803 98.1343
-39.3824 192.713 100.226
-35.7004 182.467 101.318
-35.0912 173.686 101.454
-34.4584 166.022 100.486
-33.3287 157.451 97.5211
-29.5386 147.244 92.3215
-21.5806 136.682 83.8316
-17.2572 125.569 79.6393
-11.7835 118.485 76.8128
-9.03389 113.209 74.3909
-8.4671 102.23 68.96
-8.4671 102.23 68.96
-12.4547 94.9759 68.4872
-14.925 86.5856 68.7585
-16.4416 78.7843 69.6556
-11.0067 66.8697 68.2541
-10.6273 54.426 67.574
-8.84582 41.9881 65.3272
-13.136 28.8779 62.5878
-14.9049 20.4864 60.4696
-20.1367 14.2702 60.5056
-24.0158 8.46667 58.7991
-31.0498 -3.03256 56.4049
-35.216 -11.6981 56.2454
-37.4759 -17.713 55.796
-41.2028 -30.3874 53.2472
-41.2028 -30.3874 53.2472
-43.6044 -39.3524 53.3168
-44.8816 -43.5333 51.1266
-48.5051 -52.4715 52.4331
-50.4514 -57.26 51.7958
-48.5986 -62.36 48.853
-50.7578 -70.9364 45.0331
-52.5662 -76.2572 43.9916
-54.1355 -83.2467 44.0193
-55.218 -88.1452 41.4229
-55.218 -88.1452 41.4229
-55.8645 -93.6158 39.6142
-56.4073 -97.719 40.5703
-55.4116 -100.593 37.1952
-59.9313 -102.63 40.7431
-61.5942 -102.23 36.2536
-61.5942 -102.23 36.2536
-63.1587 -103.655 38.3303
-49.8072 -98.4983 26.1609
-45.3085 -91.5157 15.9925
-39.9734 -89.1036 9.00649
-33.101 -82.3081 -9.86171
-33.101 -82.3081 -9.86171
-30.5849 -81.549 -14.4052
-28.9853 -80.8684 -16.8013
-28.8584 -80.8142 -17.0046
-29.1837 -80.8817 -16.9706
-29.2065 -80.879 -16.9533
-28.9743 -80.8027 -17.2707
-28.6839 -80.7134 -17.6958
-28.2852 -80.526 -18.1973
-27.8159 -80.3196 -18.7827
-27.4274 -80.2445 -19.1988
-27.2421 -80.1589 -19.4237
-27.1615 -80.0986 -19.4557
-26.7207 -79.8672 -19.9266
-26.8268 -79.8462 -19.8518
-26.4945 -79.7499 -20.1961
-26.4209 -79.6891 -20.2596
-26.5516 -79.7501 -20.1491
-27.1343 -79.9216 -19.6214
-27.5262 -80.1181 -19.2959
-27.7737 -80.1848 -19.0059
-27.8479 -80.2067 -18.9444
-27.8502 -80.2305 -18.964
-27.8074 -80.205 -19.0528
-27.7668 -80.1917 -19.1215
-27.5021 -80.0992 -19.4037
-27.4223 -80.0675 -19.4956
-27.4648 -80.0578 -19.4558
-27.4521 -80.0508 -19.4808
