-1008.93 151.278 614.999
508940 -133991 651781
508342 -132990 651405
508711 -133840 650463
509178 -133471 651513
791767 -488893 2.15335e+06
791497 -488325 2.15464e+06
791080 -489759 2.15431e+06
791291 -488201 2.15279e+06
791407 -487931 2.15421e+06
790566 -488915 2.15359e+06
790618 -491278 2.15487e+06
789562 -489973 2.15448e+06
789544 -488237 2.15304e+06
789007 -486976 2.15278e+06
885200 -483244 2.25913e+06
885631 -483487 2.25959e+06
885567 -483052 2.25935e+06
885125 -483940 2.2598e+06
885838 -483560 2.25962e+06
885481 -483767 2.25963e+06
886027 -483779 2.25943e+06
885986 -483364 2.25933e+06
887070 -483941 2.25895e+06
887521 -484201 2.25891e+06
887577 -484513 2.25867e+06
887125 -483642 2.25824e+06
887049 -484159 2.25865e+06
887941 -483822 2.25902e+06
887270 -482641 2.26202e+06
887630 -483097 2.2612e+06
887756 -482671 2.26175e+06
886583 -481862 2.26119e+06
887169 -480989 2.26066e+06
886926 -480695 2.25862e+06
887648 -481121 2.2579e+06
888156 -481580 2.2577e+06
889110 -480992 2.25837e+06
888938 -480684 2.25811e+06
889271 -480284 2.25742e+06
890047 -481095 2.25792e+06
890304 -480491 2.25939e+06
890568 -480195 2.25975e+06
891184 -481054 2.26022e+06
890696 -481391 2.2608e+06
890599 -481675 2.26079e+06
890373 -481926 2.26077e+06
888325 -482374 2.2608e+06
888299 -481605 2.26107e+06
888507 -481067 2.26142e+06
888981 -481883 2.26157e+06
889497 -482370 2.26117e+06
889896 -481767 2.26206e+06
889741 -481850 2.26151e+06
890093 -480411 2.26543e+06
888728 -482919 2.26587e+06
889934 -482472 2.26593e+06
896131 -474478 2.264e+06
901725 -476353 2.26908e+06
901695 -476702 2.26561e+06
909204 -480946 2.26871e+06
918347 -473283 2.25883e+06
920164 -474511 2.25679e+06
918052 -475092 2.25633e+06
