-421.583 -370.512 338.198
-379.109 -320.476 1208.42
-526.711 -300.817 1063.36
-134.143 -155.947 183.093
558.748 376.932 -885.269
-962.793 -499.431 1396.08
603.965 344.585 -899.398
-39.9481 -133.829 213.635
558.077 383.043 -894.593
533.773 243.85 -758.559
-1062.44 -702.383 1743.56
536.18 393.141 -966.163
549.851 328.667 -897.255
-196.836 -210.086 281.745
586.286 305.686 -829.554
-151.173 -119.292 208.363
615.812 370.148 -1001.85
699.644 291.034 -1068.94
631.762 305.439 -941.666
597.353 440.838 -950.069
-573.59 -284.486 240.829
-26.0869 -217.473 42.8884
11.2523 -240.959 318.459
603.344 336.669 -895.024
575.65 502.633 -942.803
-66.835 161.668 -635.777
581.8 453.079 -932.546
-542.065 -273.437 1056.11
537.069 276.545 -794.881
575.403 395.539 -894.378
2.33879 -233.945 247.43
650.55 498.214 -1062.15
-3855.84 -2329.71 6217.55
551.596 289.412 -839.153
559.723 293.862 -842.828
524.566 264.426 -769.912
597.23 370.727 -994.99
623.054 308.447 -941.656
499.935 325.739 -712.566
-126.008 -134.901 234.273
43.444 21.6415 -639.287
-35.6153 -246.91 363.469
606.919 344.01 -915.997
633.275 341.569 -996.668
-16054.7 -8525.36 23466.2
-163.733 18.9594 263.311
8.0312 99.1227 -630.835
-0.40116 87.0774 -661.284
563.465 281.671 -865.127
-283.626 -253.712 306.663
563.483 357.814 -842.925
-111.083 -140.791 308.808
553.531 258.62 -807.282
579.301 308.491 -866.87
594.896 351.904 -909.474
558.321 290.031 -848.629
505.477 344.176 -852.119
-143.988 -101.122 227.832
582.129 303.386 -855.362
534.219 322.333 -839.238
604.217 351.018 -929.027
