1 -8.0243e-06 5.44096e-06
1 -5.09396e-05 -1.67265e-05
1 -3.74357e-05 -7.95296e-06
1 3.78122e-06 2.52443e-05
1 -1.84626e-05 2.13713e-05
1 4.19662e-05 5.45198e-05
1 0.000336985 0.000266782
1 0.000324749 0.000266622
1 0.000319712 0.000267245
1 0.000316076 0.00026012
1 0.000357478 0.000271684
1 0.00028064 0.000213123
1 0.00039262 0.000289902
1 0.000407488 0.000299522
1 0.000389544 0.000278935
1 0.00037387 0.000258956
1 0.000400568 0.000269869
1 0.000343985 0.000236889
1 0.000376263 0.000257179
1 0.000441195 0.000277601
1 0.000435501 0.000281972
1 0.000411453 0.000270387
1 0.000395519 0.000268787
1 0.000423277 0.000280321
1 0.000400676 0.000271526
1 0.000426016 0.000298084
1 0.000437493 0.00029579
1 0.000403055 0.00027896
1 0.000394376 0.000269679
1 0.000382256 0.000260586
1 0.000440077 0.000294166
1 0.000408731 0.000288978
1 0.000474989 0.000323338
1 0.000432854 0.000290404
1 0.000458897 0.000312936
1 0.000420457 0.000292272
1 0.000462899 0.00031568
1 0.000475878 0.000319828
1 0.000406121 0.000283681
1 0.000420676 0.000296391
1 0.000456013 0.00032359
1 0.000469099 0.000319276
1 0.000493157 0.00033667
1 0.000444534 0.000304617
1 0.000335144 0.000270018
1 0.000644979 0.000498668
1 0.000419851 0.000433298
1 0.000259337 0.000177111
0.999991 0.00426008 -0.000734808
0.999836 0.0180406 -0.00176721
0.999801 0.0198417 -0.00190001
0.999793 0.020232 -0.00202385
0.999742 0.0226324 -0.00195431
0.999702 0.0242591 -0.00260956
0.999673 0.0254773 -0.00217615
0.999646 0.0263959 -0.00337048
0.999308 0.0359797 -0.00939174
0.999295 0.0367175 -0.00784048
0.9993 0.0373201 -0.00247317
0.999236 0.0390704 8.77491e-05
0.999443 0.0333565 -0.000900479
0.999295 0.037461 0.00231327
0.999203 0.0396994 0.00408307
0.999314 0.0361794 0.00787401
0.99934 0.0355025 0.00770173
0.999236 0.0380445 0.00893518
0.998929 0.0447417 0.011783
0.99883 0.0463095 0.013936
0.998722 0.0476406 0.016861
0.998583 0.0496665 0.0191148
0.998517 0.0500373 0.0214523
0.998517 0.0500373 0.0214523
0.998497 0.0491208 0.0242996
0.998497 0.0491208 0.0242996
0.998562 0.0460347 0.0274857
0.99852 0.0414528 0.0352131
0.99842 0.0379701 0.0414313
0.99849 0.0321021 0.0445779
0.998294 0.0263683 0.0520934
0.998294 0.0263683 0.0520934
0.997959 0.014598 0.0621715
0.997756 0.0217924 0.0633035
0.997756 0.0217924 0.0633035
0.997756 0.0217924 0.0633035
0.997756 0.0217924 0.0633035
0.997756 0.0217924 0.0633035
0.997756 0.0217924 0.0633035
0.997756 0.0217924 0.0633035
0.997473 0.0181966 0.0686816
0.997351 0.0135869 0.0714611
0.997351 0.0135869 0.0714611
0.997351 0.0135869 0.0714611
0.997202 0.00343471 0.0746726
0.99688 -0.00493923 0.0787749
0.996652 -0.0130612 0.0807145
0.996652 -0.0130612 0.0807145
0.996652 -0.0130612 0.0807145
0.996173 -0.0263997 0.0833192
0.995565 -0.0338818 0.0877623
0.994365 -0.0467882 0.0951239
0.994365 -0.0467882 0.0951239
0.993232 -0.0587733 0.100178
0.993232 -0.0587733 0.100178
0.992259 -0.0675826 0.104186
0.991187 -0.0773864 0.107514
0.990737 -0.07871 0.110658
0.989611 -0.0864858 0.114845
0.98707 -0.102884 0.122913
0.98442 -0.120042 0.128478
0.983558 -0.127294 0.128102
0.983422 -0.125345 0.13103
0.981962 -0.134693 0.132695
0.980174 -0.143707 0.136408
0.980174 -0.143707 0.136408
0.980287 -0.139619 0.139802
0.979771 -0.142119 0.140894
0.979256 -0.144927 0.141614
0.979503 -0.143543 0.141311
0.979503 -0.143543 0.141311
0.97973 -0.141329 0.141967
0.981189 -0.132783 0.140131
0.981189 -0.132783 0.140131
0.983163 -0.125601 0.132719
0.983163 -0.125601 0.132719
0.984895 -0.11836 0.126381
0.984895 -0.11836 0.126381
0.986525 -0.113838 0.117514
0.98819 -0.10031 0.115838
0.989276 -0.0955472 0.110475
0.990146 -0.0919965 0.105581
0.990732 -0.0879299 0.103532
0.989904 -0.0993577 0.101083
0.988263 -0.104917 0.111031
0.988702 -0.104493 0.107467
0.988702 -0.104493 0.107467
0.990889 -0.0912394 0.0990686
0.990889 -0.0912394 0.0990686
0.99284 -0.0755534 0.0925278
0.994149 -0.0594215 0.090204
0.994748 -0.0517832 0.0882851
0.995483 -0.0457998 0.0831683
0.996036 -0.0362025 0.0812488
0.996036 -0.0362025 0.0812488
0.996422 -0.0308404 0.0786948
0.996656 -0.0251811 0.0777346
0.996972 -0.0169956 0.0758861
0.997207 -0.0148125 0.0732081
0.99758 -0.00933964 0.0688956
0.997689 -0.00391166 0.0678329
0.997677 -0.000267522 0.0681283
0.997672 -0.00390952 0.0680897
0.997728 -0.00217522 0.0673309
0.997887 0.00320128 0.0648995
0.998069 0.0108013 0.0611713
0.998199 0.0137521 0.0583922
0.99824 0.0205927 0.0556107
0.998134 0.0285156 0.0540001
0.997974 0.035199 0.0530036
0.997952 0.0352735 0.0533544
0.997708 0.0383883 0.055717
0.997843 0.0371813 0.0541072
0.997755 0.0387239 0.0546308
0.997805 0.0373593 0.0546751
0.997878 0.0358682 0.0543437
0.99787 0.0364576 0.0541009
0.997779 0.0394752 0.0536519
0.997648 0.0459754 0.0508401
0.997648 0.0459754 0.0508401
0.997391 0.0532937 0.0486906
0.997391 0.0532937 0.0486906
0.997411 0.0523722 0.0492765
0.997443 0.0530303 0.0479071
0.997463 0.0556988 0.0443352
0.997463 0.0556988 0.0443352
0.996938 0.064769 0.0438241
0.996657 0.0679394 0.0453823
0.996499 0.0706337 0.0447261
0.996673 0.0707074 0.0405409
0.996057 0.0790062 0.0403516
0.996057 0.0790062 0.0403516
0.995703 0.081856 0.043296
0.995703 0.081856 0.043296
0.995946 0.077665 0.0453773
0.995946 0.077665 0.0453773
0.995161 0.0861786 0.0472082
0.994716 0.0920651 0.0454325
0.994716 0.0920651 0.0454325
0.994559 0.0954486 0.0417373
0.994774 0.0941527 0.0394907
0.994885 0.0947783 0.0349383
0.994912 0.0955437 0.0319693
0.994611 0.100046 0.0271877
0.994177 0.104817 0.0250233
0.9943 0.10381 0.0243209
0.99423 0.104219 0.0253938
0.99407 0.105481 0.0264461
0.994388 0.103237 0.0231108
0.993993 0.107093 0.0225487
0.993669 0.110795 0.0186242
0.993375 0.114054 0.0140862
0.994147 0.107196 0.0134203
0.993554 0.112666 0.012486
0.993605 0.112398 0.0107368
0.993605 0.112398 0.0107368
0.993894 0.109913 0.00972319
0.993429 0.114277 0.0063725
0.992458 0.122562 0.00258078
0.992458 0.122562 0.00258078
0.99159 0.129404 -0.00173716
0.990994 0.133699 -0.00745751
0.990866 0.134289 -0.0122671
0.991299 0.130396 -0.0179908
0.991456 0.127762 -0.026305
0.991456 0.127762 -0.026305
0.990304 0.135106 -0.0323204
0.989669 0.139199 -0.034335
0.989359 0.140482 -0.0378741
0.988794 0.143343 -0.0416977
0.988396 0.145648 -0.0431292
0.988005 0.145512 -0.0516932
0.987625 0.14695 -0.0547904
0.98764 0.146856 -0.05477
0.987736 0.14555 -0.0565099
0.987832 0.142942 -0.0612789
0.988094 0.140401 -0.0629146
0.988552 0.138038 -0.0609144
0.988716 0.135017 -0.0648939
0.988553 0.135355 -0.0666431
0.988856 0.133085 -0.0667317
0.989751 0.128636 -0.0620079
0.990803 0.122216 -0.058067
0.991481 0.116734 -0.0577816
0.991481 0.116734 -0.0577816
0.991957 0.113103 -0.056821
0.992563 0.108656 -0.0548942
0.992707 0.109252 -0.0509531
0.993031 0.107613 -0.0480436
0.993399 0.104815 -0.0466115
0.993399 0.104815 -0.0466115
0.994161 0.0994802 -0.0418043
0.994785 0.0950642 -0.0369496
0.995082 0.0931173 -0.0337898
0.995147 0.0924556 -0.0336762
0.995514 0.0887214 -0.03286
0.995565 0.089125 -0.0301228
0.9959 0.087229 -0.0239785
0.99624 0.0846529 -0.0184403
0.996338 0.0838722 -0.0165931
0.996452 0.0825306 -0.0165187
0.996521 0.0808648 -0.0201498
0.996353 0.0816778 -0.0246961
0.995992 0.0857332 -0.0254856
0.996037 0.0856569 -0.0239437
0.996037 0.0856569 -0.0239437
0.996491 0.0824531 -0.0143702
0.996625 0.0812434 -0.0117184
0.996567 0.0823677 -0.00832921
0.996567 0.0823677 -0.00832921
0.997294 0.0734644 -0.00270829
0.997423 0.0714019 0.0070168
0.997313 0.0716533 0.0152293
0.996987 0.0735064 0.0247904
0.99671 0.0739229 0.0332285
0.99671 0.0739229 0.0332285
0.99671 0.0739229 0.0332285
0.99671 0.0739229 0.0332285
0.996685 0.0668206 0.0464141
0.996685 0.0668206 0.0464141
0.996867 0.0514986 0.0600312
0.996867 0.0514986 0.0600312
0.996483 0.0421628 0.0724195
0.996483 0.0421628 0.0724195
0.996483 0.0421628 0.0724195
0.996483 0.0421628 0.0724195
0.996483 0.0421628 0.0724195
0.996483 0.0421628 0.0724195
0.996483 0.0421628 0.0724195
0.996483 0.0421628 0.0724195
0.996483 0.0421628 0.0724195
0.996072 0.0423782 0.0777415
0.996072 0.0423782 0.0777415
0.996072 0.0423782 0.0777415
0.99538 0.0376276 0.0883372
0.99538 0.0376276 0.0883372
0.99538 0.0376276 0.0883372
0.994888 0.0342297 0.0950076
0.994346 0.031031 0.101549
0.993637 0.0323393 0.107883
0.992846 0.0345452 0.114295
0.992419 0.0325031 0.118527
0.991929 0.0298277 0.123237
0.991292 0.0300011 0.128222
0.990647 0.0316682 0.132727
0.990295 0.0279032 0.136155
0.989231 0.0253272 0.144157
0.988838 0.0195649 0.147703
0.990182 0.0230728 0.137866
0.991736 0.0266585 0.125493
0.991736 0.0266585 0.125493
0.991736 0.0266585 0.125493
0.993142 0.0378344 0.110622
0.993142 0.0378344 0.110622
0.993142 0.0378344 0.110622
0.993142 0.0378344 0.110622
0.993142 0.0378344 0.110622
0.993142 0.0378344 0.110622
0.993142 0.0378344 0.110622
0.993142 0.0378344 0.110622
0.993869 0.0440616 0.1014
0.99515 0.0512635 0.08396
0.99515 0.0512635 0.08396
0.99515 0.0512635 0.08396
0.99515 0.0512635 0.08396
0.99515 0.0512635 0.08396
0.995242 0.0684244 0.0693616
0.995242 0.0684244 0.0693616
0.995242 0.0684244 0.0693616
0.995135 0.0754579 0.0633491
0.995135 0.0754579 0.0633491
0.995135 0.0754579 0.0633491
0.994643 0.0906573 0.0496662
0.994643 0.0906573 0.0496662
0.995448 0.0842426 0.0445732
0.995448 0.0842426 0.0445732
0.99495 0.0885569 0.047238
0.995557 0.0783721 0.0521991
0.996411 0.0595448 0.0601629
0.996375 0.0617834 0.0584836
0.996447 0.0611018 0.0579633
0.997092 0.0533393 0.0544355
0.997079 0.0517052 0.0562154
0.997057 0.0459759 0.0613474
0.997057 0.0459759 0.0613474
0.997057 0.0459759 0.0613474
0.997057 0.0459759 0.0613474
0.997057 0.0459759 0.0613474
0.997057 0.0459759 0.0613474
0.997057 0.0459759 0.0613474
0.997057 0.0459759 0.0613474
0.997057 0.0459759 0.0613474
0.996373 0.0708078 0.0471932
0.996424 0.070012 0.047296
0.997585 0.0582606 0.0378179
0.997585 0.0582606 0.0378179
0.997585 0.0582606 0.0378179
0.997585 0.0582606 0.0378179
0.997641 0.0578808 0.0369044
0.997641 0.0577793 0.037079
0.997544 0.0590803 0.0376305
0.997626 0.0577667 0.0374792
0.997616 0.0580412 0.0373425
0.997616 0.0579311 0.0374884
0.997615 0.0579565 0.0374811
0.997614 0.0579556 0.0375097
0.99762 0.0578846 0.0374718
0.99762 0.0578813 0.0374806
0.997618 0.0579045 0.0374896
0.997624 0.0578329 0.0374516
0.99762 0.0578761 0.0374871
0.997617 0.0578922 0.0375295
0.997619 0.0578463 0.037542
0.997619 0.057846 0.0375541
0.997625 0.0577572 0.0375351
0.997624 0.0577684 0.0375421
0.99762 0.0578172 0.0375688
0.997624 0.0577458 0.0375612
0.997625 0.0577348 0.0375747
0.997626 0.0577207 0.0375661
0.997626 0.0577275 0.0375571
0.997629 0.0576813 0.0375331
0.997628 0.0577039 0.0375339
0.997629 0.0576982 0.0375161
0.99763 0.0576818 0.0375173
0.997629 0.0576952 0.0375275
0.997625 0.0577396 0.0375539
