1 7.74295e-05 5.71624e-05
1 2.77268e-05 -1.1439e-05
1 3.28155e-05 -2.62422e-05
1 -1.42621e-05 -5.11797e-05
1 1.48784e-05 -5.98381e-05
1 -2.2356e-05 -5.18557e-05
1 -2.9854e-05 -0.000105996
1 -3.2675e-05 -0.000100742
1 -3.41496e-07 -0.000105243
1 -9.00995e-05 -0.000120109
1 -4.17522e-05 -0.000132681
1 2.94824e-05 -8.94119e-05
1 -7.40026e-05 -0.000191504
1 -0.000109858 -0.000150129
1 -6.92984e-05 -0.000190201
1 -3.9822e-05 -0.000204837
1 -0.000132645 -0.000213337
1 -0.000143258 -0.000246787
1 -0.000146113 -0.00025068
1 -0.000161171 -0.00025284
1 -9.75508e-05 -0.000291053
1 -0.000145529 -0.000310979
1 -0.000160832 -0.000328061
1 -0.000225145 -0.000373488
1 -0.000217516 -0.000336043
1 -0.000224606 -0.000389335
1 -0.000242026 -0.000392648
1 -0.000158625 -0.000406749
1 -0.000188952 -0.000396421
1 -0.000172977 -0.000398388
1 -0.000187452 -0.000420061
1 -0.000227712 -0.000406696
1 -0.000304064 -0.00052594
1 -0.00017239 -0.000396303
1 -0.0003703 -0.000858368
