1 0 0
1 0.000507511 8.57954e-05
1 3.62623e-05 -5.00633e-05
1 0.000274392 -1.08315e-06
1 0.000180384 6.10888e-06
1 0.000486263 2.8633e-05
1 0.000552456 7.66558e-05
1 0.000496973 4.2439e-05
1 0.000504718 1.21207e-05
1 0.000629324 0.000108185
1 0.000561387 7.77968e-05
1 0.000646235 7.16725e-05
1 0.000597403 3.06097e-05
1 0.000722289 9.74262e-05
1 0.000756185 9.34036e-05
1 0.000707062 6.88354e-05
1 0.000777999 8.60936e-05
1 0.000755066 7.22496e-05
1 0.000867971 0.000149098
0.999999 0.00103199 0.000143885
1 0.000549992 3.56081e-05
1 0.00054296 3.52634e-05
1 0.000576715 9.02877e-05
1 0.000577141 5.9499e-05
1 0.000845337 0.000204164
1 0.000593277 4.86173e-05
1 0.00056403 5.55407e-05
1 0.00057115 0.000103856
1 0.000416297 -1.41254e-05
1 0.000507537 4.42935e-05
1 0.000491243 9.41897e-09
1 0.000456762 -1.20516e-05
1 0.0006938 9.4179e-05
1 0.00086587 0.000107884
1 0.000458637 -2.20794e-06
1 0.000531113 -9.9547e-06
1 0.000818732 0.000108389
1 0.000924567 0.000132375
0.999999 0.00103606 0.000129369
1 0.000859974 6.34945e-05
1 0.000846509 3.44759e-05
1 0.000891879 -6.28468e-06
0.999999 0.00102292 8.46288e-05
0.999999 0.00108122 0.000109303
0.999999 0.000998603 5.31709e-05
0.999999 0.00136177 0.000138042
0.999999 0.00136938 0.000111648
0.999999 0.00115132 0.000116551
0.999999 0.00115132 0.000116551
0.999999 0.00156188 0.000155917
0.999999 0.00168562 0.000212519
0.999999 0.00160635 0.00023584
0.999999 0.00151913 0.000147463
0.999999 0.00158495 0.00023162
0.999999 0.00164737 0.000223552
0.999999 0.00157037 0.000175627
0.999999 0.00166007 0.000153971
0.999999 0.00156964 0.000146958
0.999999 0.00165848 0.00021789
0.999998 0.00207195 0.000263233
0.999997 0.00226687 0.000360213
0.999997 0.0022222 0.000316898
0.999998 0.00213489 0.000279073
0.999998 0.00217641 0.000303074
0.999998 0.00216865 0.000287797
0.999997 0.00231498 0.000333495
0.999998 0.00214984 0.000266986
0.999997 0.00233463 0.000312865
0.999997 0.00222985 0.000264194
0.999997 0.00234502 0.000326853
0.999997 0.00239821 0.000226055
0.999997 0.00253439 0.000265146
0.999997 0.00228487 0.000311885
0.999997 0.0023787 0.00033388
0.999997 0.0022358 0.0002911
0.999998 0.00221582 0.00021746
0.999997 0.00225961 0.000270553
0.999997 0.00243078 0.000320271
0.999998 0.00218107 0.00016525
0.999998 0.00217827 0.00021861
0.999997 0.00262724 0.000250089
0.999997 0.0023563 0.000272708
0.999997 0.00235274 0.000284188
0.999996 0.00266447 0.000303902
0.999996 0.00269747 0.00031236
0.999996 0.00270968 0.000284308
0.999996 0.00281173 0.000353247
0.999996 0.00289455 0.000304114
0.999996 0.00293266 0.000345748
0.999996 0.00284457 0.00031537
0.999996 0.00272922 0.000312646
0.999997 0.00262481 0.000204308
0.999995 0.00298692 0.000403051
0.999996 0.00277331 0.000341207
0.999997 0.00255921 -0.000150292
0.999998 0.00170008 -0.000608674
0.999987 0.00506888 -0.000999639
0.999977 0.00602518 -0.00303224
0.999977 0.00602518 -0.00303224
0.999935 0.00997481 -0.00552752
0.99988 0.0154569 -0.000730078
0.999904 0.0132023 0.0040884
0.999849 0.0171501 0.00277358
0.999837 0.0180117 -0.00120857
0.999867 0.0162795 1.46782e-05
0.999934 0.0114603 0.000957793
0.999923 0.0123832 0.000454644
0.999923 0.0123832 0.000454644
0.999917 0.0128857 -0.000187172
0.999917 0.0128857 -0.000187172
0.999939 0.0110383 0.00040731
0.999952 0.00968135 0.00113448
0.999933 0.0114058 0.0018144
0.99994 0.00917714 0.00604443
0.999885 0.00957949 0.0117389
0.999885 0.00957949 0.0117389
0.999885 0.00957949 0.0117389
0.999885 0.00957949 0.0117389
0.999841 0.0103977 0.0144694
0.999866 0.00255649 0.0161854
0.999863 -0.00358333 0.0161608
0.999863 -0.00358333 0.0161608
0.999856 0.00391459 0.0165124
0.999856 0.00391459 0.0165124
0.999856 0.00391459 0.0165124
0.999856 0.00391459 0.0165124
0.999905 -0.00801108 0.011198
0.999893 -0.00968277 0.0109666
0.999834 -0.0144385 0.011074
0.999847 -0.0144229 0.0099047
0.999847 -0.0144229 0.0099047
0.999847 -0.0144229 0.0099047
0.999847 -0.0144229 0.0099047
0.9998 -0.0171126 0.0103916
0.999766 -0.0200598 0.00804289
0.999766 -0.0200598 0.00804289
0.999766 -0.0200598 0.00804289
0.999451 -0.0328076 0.00453239
0.999451 -0.0328076 0.00453239
0.999243 -0.0388232 0.00246334
0.999422 -0.0339792 0.000398015
0.999397 -0.0346607 -0.00196085
0.999601 -0.0278275 0.00481643
0.999601 -0.0278275 0.00481643
0.999467 -0.032392 0.00410281
0.999443 -0.0330438 0.00467772
0.99899 -0.0448729 0.00252002
0.998874 -0.047437 0.000331624
0.999176 -0.0405736 0.00113465
0.999282 -0.0376354 0.00432892
0.999221 -0.0392814 0.00390599
0.99933 -0.0362241 0.00517425
0.99941 -0.0339817 0.00506233
0.999344 -0.0360547 0.00331524
0.999448 -0.0330121 0.00381927
0.999577 -0.0288589 0.00347347
0.999602 -0.0279632 0.00370249
0.999438 -0.0330794 0.00538401
0.99941 -0.0339628 0.00504868
0.99941 -0.0339628 0.00504868
0.999423 -0.0335155 0.0054817
0.999553 -0.0285923 0.00868568
0.999398 -0.0337862 0.00789695
0.999419 -0.0338348 0.00404216
0.999467 -0.0324297 0.00379954
0.999427 -0.0334694 0.00509611
0.999381 -0.0342767 0.00797628
0.99932 -0.0357057 0.0091895
0.999402 -0.0331368 0.00991612
0.999287 -0.0364887 0.00966424
0.999101 -0.0416293 0.00803877
0.999287 -0.0360323 0.0112401
0.999212 -0.0360436 0.0166443
0.999113 -0.0380916 0.017927
0.999419 -0.0274594 0.020185
0.999613 -0.0174946 0.0216515
0.999647 -0.0151345 0.0218224
0.999619 -0.0193796 0.0196499
0.999762 -0.0180233 0.0123084
0.999839 -0.0157367 0.00859643
0.999871 -0.0147645 0.00639186
0.999879 -0.0147989 0.00485436
0.999885 -0.0143939 0.00474945
0.999889 -0.0145327 0.00314838
0.999889 -0.0145327 0.00314838
0.999891 -0.0143103 0.00356525
0.999921 -0.0118792 0.00408086
0.999883 -0.014448 0.00511505
0.999848 -0.0165796 0.00538557
0.999889 -0.0132224 0.00681027
0.999929 -0.00993455 0.00657996
0.999948 -0.00566256 0.0085371
0.999905 -0.0085555 0.0107821
0.999891 -0.00925841 0.0115317
0.999928 -0.00608792 0.0103783
0.99993 -0.00663614 0.00983383
0.999858 -0.00820613 0.0147121
0.99982 -0.00796312 0.0171945
0.999804 -0.00704801 0.0184763
0.999809 -0.00637399 0.0184676
0.999831 -0.00239458 0.0182046
0.999836 -7.4606e-05 0.0180885
0.999847 -0.00103376 0.0174759
0.999857 0.0021578 0.0167634
0.999806 0.00970454 0.0171167
0.999733 0.0137095 0.018592
0.999637 0.0161372 0.021574
0.999584 0.0181583 0.0223899
0.999457 0.0216994 0.0247849
0.999389 0.0199991 0.0286813
0.999224 0.0234425 0.031665
0.999123 0.0230077 0.0349874
0.999123 0.0230077 0.0349874
0.99894 0.0258872 0.038051
0.99894 0.0258872 0.038051
0.998866 0.0262313 0.0397235
0.998771 0.0266708 0.0417668
0.99875 0.0268533 0.0421687
0.998664 0.0302011 0.0419278
0.998765 0.0279514 0.0410641
0.99871 0.0292281 0.0415323
0.998697 0.0294279 0.0416865
0.998633 0.0305682 0.0423966
0.998633 0.0301536 0.0427001
0.998653 0.0295853 0.0426361
0.998681 0.0302352 0.0415075
0.998727 0.0286657 0.0415052
0.998678 0.0293744 0.0421749
0.998707 0.0280679 0.042392
0.998638 0.0291136 0.0433022
0.998676 0.0277813 0.0432977
0.998614 0.0292467 0.0437672
0.998615 0.0295586 0.0435229
0.998423 0.0341702 0.0445506
0.998211 0.0380037 0.0461665
0.998026 0.0404937 0.0479978
0.997763 0.042209 0.0518489
0.997663 0.0437741 0.052459
0.997523 0.0478227 0.0515827
0.997316 0.0513593 0.0521875
0.997167 0.0535602 0.0528164
0.996876 0.05844 0.0531298
0.996749 0.0610841 0.052539
0.996565 0.0655546 0.0506121
0.996565 0.0655546 0.0506121
0.996565 0.0655546 0.0506121
0.996565 0.0655546 0.0506121
0.996499 0.0659753 0.0513527
0.996379 0.0686251 0.0501997
0.996682 0.0646301 0.0494863
0.996783 0.0627221 0.0498991
0.996568 0.0652248 0.050965
0.996555 0.0635225 0.0533176
0.996319 0.0645911 0.0563619
0.996409 0.0624352 0.0571983
0.996568 0.0630275 0.0536702
0.996568 0.0630275 0.0536702
0.996817 0.0597714 0.0527651
0.996835 0.0586409 0.0536821
0.99659 0.0625396 0.0538232
0.996592 0.0628406 0.0534348
0.996416 0.0651631 0.0539257
0.996191 0.0686739 0.0537436
0.996007 0.0708422 0.0543285
0.995675 0.0736609 0.0566166
0.995315 0.0764456 0.0592005
0.995316 0.07548 0.0604051
0.995196 0.0766495 0.0609109
0.994663 0.0820963 0.0625013
0.995186 0.0765638 0.0611726
0.995739 0.0715638 0.058155
0.995138 0.0781249 0.059975
0.994144 0.086257 0.0650901
0.994808 0.0787225 0.0645005
0.995384 0.0727013 0.062649
0.996058 0.0677344 0.0572838
0.997203 0.0569978 0.0483507
0.99744 0.0537783 0.0471395
0.997819 0.0468507 0.0464996
0.997781 0.0497774 0.0442228
0.998279 0.0420415 0.0408763
0.998573 0.0388216 0.0366815
0.998476 0.0407552 0.0372141
0.998252 0.0467704 0.0361218
0.9987 0.0403613 0.0311398
0.998902 0.0361954 0.0297329
0.998778 0.0367474 0.0330531
0.998936 0.0334951 0.0316961
0.998931 0.0356812 0.0293721
0.99896 0.0330906 0.0313632
0.999052 0.032713 0.0287365
0.999052 0.032713 0.0287365
0.999447 0.0241814 0.0228187
0.99985 0.000826056 0.0173153
0.999807 -0.0119031 0.0156486
0.999807 -0.0119031 0.0156486
0.999807 -0.0119031 0.0156486
0.999757 -0.0137144 0.0172524
0.99976 -0.013473 0.017257
0.999758 -0.0135121 0.0173359
0.999765 -0.0132569 0.0171773
0.999763 -0.0134426 0.0171247
0.99976 -0.0135434 0.0171954
0.99976 -0.0135114 0.0172316
0.99976 -0.0134513 0.0172711
0.99976 -0.0133749 0.0173351
0.99976 -0.0134277 0.0172962
0.99976 -0.0134359 0.0172783
0.99976 -0.0134785 0.0172559
0.99976 -0.0134477 0.017277
0.99976 -0.0134723 0.0172623
0.99976 -0.0134764 0.0172613
0.99976 -0.0134802 0.0172742
0.99976 -0.0134766 0.0172739
0.99976 -0.0135463 0.0172229
0.99976 -0.0135123 0.0172557
0.99976 -0.0134844 0.0172782
0.99976 -0.0134665 0.0172818
0.99976 -0.01343 0.0172997
0.99976 -0.0134367 0.0173063
0.99976 -0.0134301 0.0173021
