1 0 0
1 1.61727e-05 1.66868e-05
1 1.48066e-05 -6.51207e-06
1 7.17622e-05 4.1903e-05
1 1.74277e-05 2.99938e-08
1 4.49187e-05 2.57796e-05
1 -8.98454e-06 -2.28712e-05
1 5.43639e-06 -1.79804e-05
1 6.06621e-05 1.96916e-05
1 6.30179e-05 5.03913e-06
1 7.75421e-05 1.32055e-05
1 3.06845e-05 -2.30289e-05
1 7.62324e-05 2.51322e-05
1 9.90184e-05 3.16667e-05
1 9.2239e-05 2.74952e-05
1 0.000111922 3.45986e-05
1 0.000148502 6.65928e-05
1 0.000152245 5.6445e-05
1 0.000141473 4.46752e-05
1 9.85992e-05 1.38812e-05
1 0.000110263 4.83607e-06
1 8.25079e-05 -2.40984e-05
1 0.000359343 8.70472e-05
1 0.00037854 0.000164828
1 4.51484e-05 -0.000455638
1 4.51484e-05 -0.000455638
0.999996 0.000342482 -0.00270176
0.999996 0.000412523 -0.00283275
0.999995 0.000585227 -0.00297265
0.999991 0.00120338 -0.00413743
0.999991 0.00120338 -0.00413743
0.999952 0.00531405 -0.00822173
0.999841 0.0152777 -0.00915654
0.99971 0.0229341 -0.00739833
0.999588 0.0283809 -0.00430212
0.999515 0.0310631 -0.00226709
0.999239 0.0389945 0.000220249
0.999237 0.0389728 -0.00243016
0.999154 0.0407412 -0.00554123
0.999144 0.0405479 -0.00818122
0.999125 0.0409595 -0.00851135
0.999137 0.0407938 -0.0077954
0.999151 0.0399355 -0.0100972
0.999104 0.0406067 -0.0119047
0.999006 0.0432564 -0.0107705
0.998787 0.0465112 -0.016135
0.998319 0.0550011 -0.0182987
0.998298 0.0557731 -0.0170606
0.99806 0.0594138 -0.0185893
0.997727 0.0639835 -0.021128
0.997394 0.0684753 -0.0227255
0.997917 0.0609976 -0.0209894
0.998378 0.054077 -0.0178005
0.998076 0.0606336 -0.0129228
0.998253 0.0574053 -0.013951
0.99778 0.0652463 -0.0133074
0.997873 0.0638572 -0.0131213
0.998543 0.0520557 -0.0142245
0.998857 0.0430552 -0.0207466
0.998791 0.0432864 -0.0232999
0.998614 0.0468135 -0.0240702
0.998877 0.0395974 -0.026018
0.998999 0.0372616 -0.0247425
0.999063 0.0358191 -0.0243034
0.999061 0.0371265 -0.0223344
0.999061 0.0371265 -0.0223344
0.99904 0.037736 -0.0222601
0.998883 0.0418142 -0.0220216
0.998801 0.0436055 -0.0222356
0.998892 0.0409257 -0.0232537
0.998916 0.0401771 -0.0235205
0.999034 0.0366159 -0.0243056
0.999034 0.0366159 -0.0243056
0.999079 0.034172 -0.0259418
0.999029 0.0356701 -0.0258665
0.99908 0.0346896 -0.0252001
0.999116 0.0346325 -0.0238459
0.999128 0.0350195 -0.0227443
0.999128 0.0343371 -0.0237472
0.999128 0.0343371 -0.0237472
0.999165 0.0337989 -0.0229445
0.9992 0.0319455 -0.0240512
0.999282 0.0294978 -0.0237662
0.999368 0.0266208 -0.0235383
0.999524 0.0186099 -0.024603
0.999524 0.0186099 -0.024603
0.999435 0.0187234 -0.0278988
0.999435 0.0187234 -0.0278988
0.999419 0.017344 -0.0293339
0.999419 0.017344 -0.0293339
0.999457 0.0178845 -0.027676
0.999457 0.0178845 -0.027676
0.999377 0.0194184 -0.0294734
0.99943 0.0133348 -0.0309995
0.99943 0.0133348 -0.0309995
0.999356 0.0141379 -0.0329919
0.999304 0.0145928 -0.0343296
0.999171 0.00561634 -0.0403243
0.999132 0.00365629 -0.0414882
0.999132 0.00365629 -0.0414882
0.999132 0.00365629 -0.0414882
0.999132 0.00365629 -0.0414882
0.999132 0.00365629 -0.0414882
0.999132 0.00365629 -0.0414882
0.999132 0.00365629 -0.0414882
0.999132 0.00365629 -0.0414882
0.999132 0.00365629 -0.0414882
0.998444 -0.0360916 -0.0425039
0.998444 -0.0360916 -0.0425039
0.998368 -0.0355066 -0.0447273
0.998435 -0.0338878 -0.0444897
0.998436 -0.034088 -0.044318
0.998432 -0.0341691 -0.0443338
0.998435 -0.0341239 -0.0443064
0.998437 -0.0341151 -0.0442656
0.998437 -0.0341263 -0.0442665
0.998437 -0.0341278 -0.0442539
0.998438 -0.0341197 -0.0442472
0.998438 -0.0341136 -0.0442361
0.998441 -0.0340994 -0.0441906
0.998442 -0.0340939 -0.0441829
0.998443 -0.0340759 -0.0441667
0.998445 -0.0340466 -0.0441364
0.998443 -0.0340838 -0.0441579
0.998443 -0.0340896 -0.0441494
0.99844 -0.0341385 -0.0441841
0.998446 -0.0340607 -0.0441076
0.998444 -0.0340911 -0.0441369
0.998444 -0.0340805 -0.0441301
0.998442 -0.0341347 -0.0441435
0.998443 -0.0341131 -0.0441256
0.998446 -0.0340806 -0.044099
0.998444 -0.0341196 -0.0441016
0.998445 -0.0340987 -0.0440897
0.998443 -0.0341234 -0.0441207
0.998444 -0.0341248 -0.0440981
0.998443 -0.0341426 -0.0441183
