1 0 0
1 9.519e-05 5.7797e-05
1 5.27808e-05 3.99675e-05
1 6.66547e-05 3.52587e-05
1 0.000164671 0.000113347
1 0.00014811 8.09135e-05
1 0.000278401 0.000214427
1 0.000355906 0.000259424
1 0.000163925 9.65196e-05
1 0.000420364 0.000315178
1 0.000366228 0.000248381
1 0.00038053 0.000267679
1 0.000711531 0.000519857
1 0.00055604 0.000418561
1 0.000614488 0.000445231
1 0.000606408 0.000428731
1 0.000668787 0.0005069
0.999999 0.00102768 0.000757886
0.999997 0.0019072 0.00165996
1 0.000795707 0.000590532
0.999999 0.00119813 0.00105682
0.999997 0.00174871 0.00151086
1 0.000747229 0.000634974
0.999999 0.000925883 0.000785118
0.999999 0.00111802 0.000994157
0.999999 0.00105793 0.000992514
0.999998 0.00146249 0.00130433
0.999998 0.00145304 0.00113556
0.999998 0.00145304 0.00113556
0.999999 -7.5687e-05 0.00103102
1 -0.000623501 0.000691084
0.999999 0.000324005 0.00102199
0.999999 -0.00034817 0.00159356
0.999999 -0.000454172 0.00156122
0.999999 0.000658353 0.0014782
0.999999 0.000658353 0.0014782
0.999999 0.000658353 0.0014782
0.999999 0.000743797 0.00144344
1 -0.000385943 7.06219e-05
0.999992 -0.00247912 0.00310625
0.999992 -0.00247912 0.00310625
0.999992 -0.00247912 0.00310625
0.999768 -0.0205717 0.00641069
0.999942 -0.00930197 0.00533916
0.999942 -0.00930197 0.00533916
0.999942 -0.00930197 0.00533916
0.999942 -0.00930197 0.00533916
0.999854 -0.0152988 0.00764628
0.999988 -0.00311646 0.00381175
0.999942 -0.00599178 0.00896777
0.999922 -0.0082174 0.00937207
0.999808 0.00904705 0.0173629
0.999808 0.00904705 0.0173629
0.999849 -0.00749175 0.0156999
0.999875 -0.0075531 0.0139132
0.999875 -0.0075531 0.0139132
0.99986 -0.00433327 0.0161577
0.999792 -0.00258822 0.0202506
0.999766 -0.00365481 0.0213216
0.999763 0.00233056 0.0216358
0.999718 0.00947714 0.021777
0.999421 0.023951 0.0241568
0.999201 0.0311199 0.0250769
0.999201 0.0311199 0.0250769
0.999355 0.0297842 0.020038
0.999555 0.0203897 0.0217678
0.999343 0.0323034 0.0164032
0.999343 0.0323034 0.0164032
0.999343 0.0323034 0.0164032
0.999343 0.0323034 0.0164032
0.999343 0.0323034 0.0164032
0.999262 0.0326741 0.0201844
0.999441 0.0257583 0.0213122
0.999441 0.0257583 0.0213122
0.999441 0.0257583 0.0213122
0.999468 0.0227522 0.0233843
0.999468 0.0227522 0.0233843
0.999468 0.0227522 0.0233843
0.999468 0.0227522 0.0233843
0.999468 0.0227522 0.0233843
0.999468 0.0227522 0.0233843
0.999468 0.0227522 0.0233843
0.999468 0.0227522 0.0233843
0.999468 0.0227522 0.0233843
0.999521 0.018854 0.0245607
0.999068 0.0276047 0.033181
0.998973 0.026169 0.0369936
0.999177 0.0140178 0.0380743
0.999282 0.010781 0.0363205
0.999526 0.00194935 0.0307311
0.999694 -0.00528742 0.0241445
0.999694 -0.00528742 0.0241445
0.999694 -0.00528742 0.0241445
0.999694 -0.00528742 0.0241445
0.999694 -0.00528742 0.0241445
0.999694 -0.00528742 0.0241445
0.999694 -0.00528742 0.0241445
0.999694 -0.00528742 0.0241445
0.999713 -0.0098899 0.0218419
0.999713 -0.0098899 0.0218419
0.999713 -0.0098899 0.0218419
0.999688 -0.0133419 0.0211113
0.999688 -0.0133419 0.0211113
0.999618 -0.014785 0.0233591
0.999631 -0.0138802 0.0233688
0.999631 -0.0138802 0.0233688
0.999558 -0.0170857 0.0243403
0.999558 -0.0170857 0.0243403
0.999558 -0.0170857 0.0243403
0.999558 -0.0170857 0.0243403
0.999558 -0.0170857 0.0243403
0.999558 -0.0170857 0.0243403
0.999486 -0.0215147 0.0237832
0.999487 -0.0207824 0.0243752
0.999557 -0.0181941 0.0235481
0.99968 -0.0131952 0.0215789
0.999743 -0.0150229 0.0170002
0.999713 -0.0209223 0.0116499
0.99974 -0.0204798 0.0100739
0.99974 -0.0204798 0.0100739
0.999783 -0.0194473 0.00741689
0.999783 -0.0194473 0.00741689
0.999783 -0.0194473 0.00741689
0.999783 -0.0194473 0.00741689
0.999874 -0.0152119 0.0045357
0.999805 -0.0194871 0.00307147
0.999794 -0.0202806 0.000949633
0.999725 -0.0230114 -0.00441885
0.99965 -0.0261527 -0.00391006
0.999563 -0.0292958 -0.00391831
0.999537 -0.0294406 -0.00771089
0.999228 -0.0372285 -0.0125123
0.998986 -0.0419071 -0.0164403
0.998986 -0.0419071 -0.0164403
0.998986 -0.0419071 -0.0164403
0.998986 -0.0419071 -0.0164403
0.998755 -0.046154 -0.0189425
0.998279 -0.0535863 -0.0238395
0.998279 -0.0535863 -0.0238395
0.997939 -0.0586301 -0.0260895
0.997939 -0.0586301 -0.0260895
0.997939 -0.0586301 -0.0260895
0.997737 -0.060565 -0.0292022
0.997954 -0.0564435 -0.0300487
0.997954 -0.0564435 -0.0300487
0.997841 -0.0551621 -0.0356473
0.997841 -0.0551621 -0.0356473
0.997841 -0.0551621 -0.0356473
0.997841 -0.0551621 -0.0356473
0.997434 -0.0583247 -0.0415111
0.996944 -0.0607079 -0.0491746
0.996934 -0.0572065 -0.0533899
0.996446 -0.0602098 -0.0589096
0.996222 -0.0599182 -0.0628566
0.995845 -0.0636257 -0.0651483
0.995845 -0.0636257 -0.0651483
0.995845 -0.0636257 -0.0651483
0.995845 -0.0636257 -0.0651483
0.996148 -0.0616792 -0.0623327
0.996393 -0.0602719 -0.0597273
0.996726 -0.0570113 -0.0573355
0.996695 -0.0588254 -0.0560292
0.996848 -0.0608722 -0.0508746
0.996848 -0.0608722 -0.0508746
0.997244 -0.0594787 -0.0443526
0.997244 -0.0594787 -0.0443526
0.997165 -0.0589463 -0.0467772
0.996946 -0.0632515 -0.0458017
0.996946 -0.0632515 -0.0458017
0.996946 -0.0632515 -0.0458017
0.996946 -0.0632515 -0.0458017
0.996946 -0.0632515 -0.0458017
0.996946 -0.0632515 -0.0458017
0.996946 -0.0632515 -0.0458017
0.997095 -0.0606554 -0.0460646
0.997095 -0.0606554 -0.0460646
0.997217 -0.0606328 -0.0433779
0.997217 -0.0606328 -0.0433779
0.997217 -0.0606328 -0.0433779
0.997217 -0.0606328 -0.0433779
0.997093 -0.0606717 -0.0460987
0.997093 -0.0606717 -0.0460987
0.997093 -0.0606717 -0.0460987
0.997093 -0.0606717 -0.0460987
0.997093 -0.0606717 -0.0460987
0.997093 -0.0606717 -0.0460987
0.996951 -0.0594572 -0.0505287
0.996482 -0.0636138 -0.0545679
0.996482 -0.0636138 -0.0545679
0.996757 -0.0609632 -0.0525178
0.996757 -0.0609632 -0.0525178
0.996873 -0.0589143 -0.0526675
0.996961 -0.0568335 -0.053286
0.996547 -0.0630169 -0.0540713
0.996221 -0.0682448 -0.0537242
0.996014 -0.0751293 -0.0480789
0.996014 -0.0751293 -0.0480789
0.996014 -0.0751293 -0.0480789
0.996014 -0.0751293 -0.0480789
0.996405 -0.0724603 -0.0438966
0.996405 -0.0724603 -0.0438966
0.996741 -0.0711477 -0.0380232
0.996836 -0.0714586 -0.0348102
0.996836 -0.0714586 -0.0348102
0.996836 -0.0714586 -0.0348102
0.996836 -0.0714586 -0.0348102
0.996836 -0.0714586 -0.0348102
0.996836 -0.0714586 -0.0348102
0.996836 -0.0714586 -0.0348102
0.996836 -0.0714586 -0.0348102
0.996836 -0.0714586 -0.0348102
0.996836 -0.0714586 -0.0348102
0.996836 -0.0714586 -0.0348102
0.996836 -0.0714586 -0.0348102
0.996836 -0.0714586 -0.0348102
0.996836 -0.0714586 -0.0348102
0.996836 -0.0714586 -0.0348102
0.996836 -0.0714586 -0.0348102
0.996836 -0.0714586 -0.0348102
0.997589 -0.0633945 -0.0282289
0.997781 -0.0598882 -0.0290953
0.997971 -0.0546345 -0.0326977
0.998024 -0.0527918 -0.0340766
0.998024 -0.0527918 -0.0340766
0.998207 -0.0500822 -0.0327747
0.998207 -0.0500822 -0.0327747
0.998015 -0.0531488 -0.0337727
0.998015 -0.0531488 -0.0337727
0.998015 -0.0531488 -0.0337727
0.99772 -0.0547765 -0.039419
0.99772 -0.0547765 -0.039419
0.997582 -0.0559744 -0.0411977
0.997793 -0.0513803 -0.0420567
0.996904 -0.0625641 -0.0476218
0.996757 -0.0641801 -0.048549
0.996757 -0.0641801 -0.048549
0.996705 -0.0599564 -0.0546265
0.99664 -0.0600787 -0.0556637
0.996692 -0.0608272 -0.0538953
0.996692 -0.0608272 -0.0538953
0.996692 -0.0608272 -0.0538953
0.996692 -0.0608272 -0.0538953
0.996692 -0.0608272 -0.0538953
0.996936 -0.0610269 -0.0489236
0.996936 -0.0610269 -0.0489236
0.99718 -0.0620591 -0.0422063
0.996768 -0.0658745 -0.0459812
0.996768 -0.0658745 -0.0459812
0.996629 -0.0674838 -0.0466492
0.996442 -0.068451 -0.0491756
0.996506 -0.0677559 -0.0488285
0.996522 -0.0675415 -0.0488027
0.99649 -0.0678554 -0.0490329
0.996474 -0.0680155 -0.0491337
0.996472 -0.068065 -0.0491042
0.996467 -0.0680855 -0.049162
0.996474 -0.0680994 -0.0490094
0.996446 -0.0684744 -0.0490663
0.996466 -0.0681781 -0.0490587
0.996481 -0.0680501 -0.048933
0.99647 -0.0682109 -0.0489328
0.996493 -0.0679163 -0.0488689
0.996487 -0.0679919 -0.0489021
0.996498 -0.0678749 -0.0488434
0.996505 -0.0677645 -0.0488494
0.99652 -0.067614 -0.0487487
0.996489 -0.0680454 -0.0487764
0.996484 -0.0679701 -0.0489896
0.996435 -0.0684737 -0.0492757
0.996426 -0.0684725 -0.0494701
0.996434 -0.0684838 -0.049279
0.996431 -0.0686255 -0.0491475
0.996458 -0.0682839 -0.0490763
0.996442 -0.0684559 -0.0491644
0.996422 -0.0686831 -0.0492547
0.996454 -0.068311 -0.0491229
0.99644 -0.0684611 -0.0491905
0.996441 -0.0684607 -0.0491809
0.996431 -0.068541 -0.0492727
0.996435 -0.068516 -0.0492212
0.996441 -0.0684401 -0.0492149
0.996466 -0.0681488 -0.0490968
0.996478 -0.0680154 -0.0490422
0.99647 -0.0680999 -0.0490862
0.99646 -0.0682548 -0.0490768
0.996457 -0.0682585 -0.0491388
0.996465 -0.0681666 -0.0490986
0.996455 -0.0682841 -0.0491411
0.996465 -0.0681408 -0.0491349
0.996471 -0.0680856 -0.0490938
0.996476 -0.0680143 -0.0490825
0.996474 -0.0680492 -0.0490798
0.996462 -0.0682085 -0.0491107
0.996471 -0.0681034 -0.0490625
0.9965 -0.06773 -0.0489872
0.996402 -0.0691 -0.0490684
0.99653 -0.067499 -0.0487058
0.99652 -0.0676444 -0.0486992
0.996517 -0.0676609 -0.0487423
0.996518 -0.0676694 -0.0487123
0.996532 -0.0675057 -0.0486551
0.996528 -0.0675216 -0.0487193
0.996528 -0.0675465 -0.0486774
