1 3.51067e-05 -9.89134e-06
1 1.97208e-05 -0.00010064
1 -9.78501e-07 -0.000119713
1 1.1103e-05 -0.000145621
1 -2.66628e-05 -0.000213723
1 -0.000123072 -0.000319663
1 -9.41354e-05 -0.000336711
1 -0.000117416 -0.000392788
1 1.08675e-05 -0.000366098
1 -0.000104959 -0.000423892
1 -2.75628e-05 -0.00044878
1 -5.44988e-05 -0.000496634
1 -0.000124072 -0.000616321
1 -0.000100826 -0.000654202
1 -4.52112e-05 -0.000681451
1 -2.00322e-05 -0.000735819
1 -4.25919e-05 -0.000739993
1 -0.000135512 -0.000779297
1 -0.000169719 -0.000753312
1 -0.000185825 -0.000796137
1 -1.86906e-05 -0.000751725
1 4.00145e-05 -0.000653342
1 5.97795e-05 -0.000500524
1 4.65439e-05 -0.000520543
1 -1.04306e-05 -0.000595368
1 0.000103816 -0.000605842
1 0.00014392 -0.000426488
1 0.000123667 -0.000475342
1 3.77845e-05 -0.000395982
1 -9.77702e-05 -0.000363335
0.999999 -0.00132339 -6.38292e-05
1 6.94319e-05 -0.000996628
0.999999 -0.00102022 -0.000321562
1 -0.000644297 -0.000670035
0.999998 -0.00198557 -0.000566947
0.999999 -0.00103415 -0.00123895
0.999998 -0.00133554 -0.00163271
0.999993 0.000764312 -0.00375523
0.999992 0.000867395 -0.00388605
0.999988 0.00174207 -0.00467764
0.999994 0.00102367 -0.00322511
0.999992 0.00132674 -0.003854
0.999989 0.00195815 -0.00416459
0.999989 0.00195815 -0.00416459
0.999989 0.00195815 -0.00416459
0.999989 0.00195815 -0.00416459
0.999989 0.00195815 -0.00416459
0.999861 0.0104905 -0.0129342
0.999582 0.0229381 -0.0176103
0.99959 0.0226109 -0.0175843
0.999573 0.0241159 -0.0164898
0.999573 0.0241159 -0.0164898
0.999573 0.0241159 -0.0164898
0.999572 0.0237023 -0.0171475
0.999571 0.0237223 -0.0171583
0.999577 0.0225349 -0.0184056
0.999577 0.0225349 -0.0184056
0.999553 0.0234169 -0.0185967
0.999544 0.0229129 -0.0196425
0.99955 0.0227659 -0.0195216
0.999527 0.0251355 -0.0177027
0.999557 0.024918 -0.0163031
0.999572 0.0254105 -0.0144763
0.999572 0.0254105 -0.0144763
0.999602 0.0229532 -0.0163809
0.999602 0.0229532 -0.0163809
0.999501 0.0268196 -0.0167105
0.999238 0.0336133 -0.0198416
0.998965 0.0411756 -0.0193315
0.998862 0.0440712 -0.0182071
0.998669 0.0471032 -0.0209991
0.998669 0.0471032 -0.0209991
0.998248 0.0574919 -0.0139749
0.998105 0.0602204 -0.012644
0.997893 0.0638236 -0.0116634
0.997893 0.0638236 -0.0116634
0.997893 0.0638236 -0.0116634
0.997893 0.0638236 -0.0116634
0.997949 0.0632113 -0.0101154
0.997949 0.0632113 -0.0101154
0.997981 0.062774 -0.00970944
0.997981 0.062774 -0.00970944
0.997981 0.062774 -0.00970944
0.997981 0.062774 -0.00970944
0.997981 0.062774 -0.00970944
0.997981 0.062774 -0.00970944
0.998139 0.060505 -0.00753577
0.998139 0.060505 -0.00753577
0.998139 0.060505 -0.00753577
0.998139 0.060505 -0.00753577
0.998186 0.0599815 -0.0052743
0.998322 0.0579053 -0.000955265
0.998322 0.0579053 -0.000955265
0.99856 0.0536233 0.00153951
0.999067 0.0431668 0.00114826
0.999487 0.0319433 -0.00251851
0.999487 0.0319433 -0.00251851
0.999487 0.0319433 -0.00251851
0.999595 0.0281144 -0.00435283
0.999595 0.0281144 -0.00435283
0.999595 0.0281144 -0.00435283
0.999595 0.0281144 -0.00435283
0.999754 0.0171268 -0.0140909
0.999754 0.0171268 -0.0140909
0.999605 0.0253099 -0.0121833
0.999605 0.0253099 -0.0121833
0.999605 0.0253099 -0.0121833
0.999605 0.0253099 -0.0121833
0.999605 0.0253099 -0.0121833
0.999813 0.01821 -0.00647437
0.999813 0.01821 -0.00647437
0.999813 0.01821 -0.00647437
0.999813 0.01821 -0.00647437
0.999813 0.01821 -0.00647437
0.999813 0.01821 -0.00647437
0.999813 0.01821 -0.00647437
0.999813 0.01821 -0.00647437
0.999813 0.01821 -0.00647437
0.999813 0.01821 -0.00647437
0.999813 0.01821 -0.00647437
0.999813 0.01821 -0.00647437
0.999813 0.01821 -0.00647437
0.999813 0.01821 -0.00647437
0.999813 0.012415 -0.0148545
0.999813 0.012415 -0.0148545
0.999813 0.012415 -0.0148545
0.999813 0.012415 -0.0148545
0.999813 0.012415 -0.0148545
0.999854 0.0101495 -0.0137174
0.999854 0.0101495 -0.0137174
0.999854 0.0101495 -0.0137174
0.999854 0.0101495 -0.0137174
0.999854 0.0101495 -0.0137174
0.999921 0.0102109 -0.00727168
0.999976 0.00273017 -0.00635552
0.999976 0.00273017 -0.00635552
0.99994 -0.00441038 -0.0100357
0.99973 -0.012889 -0.0193118
0.99931 -0.0241466 -0.0282059
0.99931 -0.0241466 -0.0282059
0.99931 -0.0241466 -0.0282059
0.999303 -0.0256889 -0.0270861
0.999235 -0.0256316 -0.029531
0.999235 -0.0256316 -0.029531
0.999235 -0.0256316 -0.029531
0.999235 -0.0256316 -0.029531
0.999235 -0.0256316 -0.029531
0.999235 -0.0256316 -0.029531
0.999235 -0.0256316 -0.029531
0.999235 -0.0256316 -0.029531
0.999235 -0.0256316 -0.029531
0.999235 -0.0256316 -0.029531
0.999235 -0.0256316 -0.029531
0.999235 -0.0256316 -0.029531
0.999235 -0.0256316 -0.029531
0.999235 -0.0256316 -0.029531
0.999235 -0.0256316 -0.029531
0.999235 -0.0256316 -0.029531
0.999235 -0.0256316 -0.029531
0.999235 -0.0256316 -0.029531
0.999235 -0.0256316 -0.029531
0.999235 -0.0256316 -0.029531
0.998497 -0.0447074 -0.0317074
0.998497 -0.0447074 -0.0317074
0.998497 -0.0447074 -0.0317074
0.998497 -0.0447074 -0.0317074
0.998497 -0.0447074 -0.0317074
0.998497 -0.0447074 -0.0317074
0.998497 -0.0447074 -0.0317074
0.998497 -0.0447074 -0.0317074
0.998497 -0.0447074 -0.0317074
0.998497 -0.0447074 -0.0317074
0.997846 -0.0468489 -0.0459182
0.997846 -0.0468489 -0.0459182
0.997846 -0.0468489 -0.0459182
0.997846 -0.0468489 -0.0459182
0.997846 -0.0468489 -0.0459182
0.99762 -0.0588847 -0.0358616
0.99763 -0.0584332 -0.0363273
0.998929 -0.0271644 -0.0374647
0.99884 -0.0315929 -0.0363338
0.998868 -0.0303703 -0.0366055
0.998907 -0.0312925 -0.0347326
0.998897 -0.0332872 -0.0331178
0.999061 -0.0293744 -0.0318342
0.999171 -0.0246273 -0.0324063
0.999171 -0.0246273 -0.0324063
0.999171 -0.0246273 -0.0324063
0.999171 -0.0246273 -0.0324063
0.999171 -0.0246273 -0.0324063
0.999171 -0.0246273 -0.0324063
0.999171 -0.0246273 -0.0324063
0.999171 -0.0246273 -0.0324063
0.999171 -0.0246273 -0.0324063
0.998709 -0.0362977 -0.0355371
0.998956 -0.028905 -0.0353829
0.998956 -0.028905 -0.0353829
0.998956 -0.028905 -0.0353829
0.998956 -0.028905 -0.0353829
0.998956 -0.028905 -0.0353829
0.998956 -0.028905 -0.0353829
0.998956 -0.028905 -0.0353829
0.998956 -0.028905 -0.0353829
0.998956 -0.028905 -0.0353829
0.998956 -0.028905 -0.0353829
0.998956 -0.028905 -0.0353829
0.998956 -0.028905 -0.0353829
0.998956 -0.028905 -0.0353829
0.998956 -0.028905 -0.0353829
0.998956 -0.028905 -0.0353829
0.998956 -0.028905 -0.0353829
0.998956 -0.028905 -0.0353829
0.998956 -0.028905 -0.0353829
0.998956 -0.028905 -0.0353829
0.998956 -0.028905 -0.0353829
0.998956 -0.028905 -0.0353829
0.998956 -0.028905 -0.0353829
0.998956 -0.028905 -0.0353829
0.998956 -0.028905 -0.0353829
0.998956 -0.028905 -0.0353829
0.998956 -0.028905 -0.0353829
0.998956 -0.028905 -0.0353829
0.998956 -0.028905 -0.0353829
0.998956 -0.028905 -0.0353829
0.998956 -0.028905 -0.0353829
0.998956 -0.028905 -0.0353829
0.998165 -0.0416423 -0.0439584
0.995587 -0.0705835 -0.0618373
0.995587 -0.0705835 -0.0618373
0.996005 -0.0585572 -0.0674141
0.994714 -0.0538747 -0.0874216
0.994714 -0.0538747 -0.0874216
0.994714 -0.0538747 -0.0874216
0.994714 -0.0538747 -0.0874216
0.994736 -0.0539869 -0.0870967
0.994736 -0.0539869 -0.0870967
0.994736 -0.0539869 -0.0870967
0.994738 -0.0540088 -0.0870634
0.994741 -0.0539888 -0.0870394
0.99474 -0.0539993 -0.0870412
0.994744 -0.0539459 -0.0870305
0.994745 -0.0539575 -0.0870063
0.994747 -0.0539532 -0.0869968
0.994747 -0.0539243 -0.0870081
0.994749 -0.0539454 -0.0869712
