0 0 0
-0.127218 -0.0347592 0.105221
-0.584408 -0.0589443 0.939438
-0.739572 -0.0441018 1.0079
-0.970102 -0.100252 1.46517
-0.579016 -0.0728607 0.753893
-0.545426 -0.0833044 0.970292
-0.661566 -0.0357761 1.16769
0.0561508 -0.0644681 -0.0630723
-0.874013 -0.0394724 1.46143
-0.746731 0.018875 1.29251
-0.647048 -0.0659891 1.21992
-0.722601 -0.00658903 1.14307
-0.615423 -0.0173028 0.964146
-0.798344 0.00154884 1.29552
-1.21444 0.0160799 1.94937
-0.538715 0.0430683 0.880902
-0.568732 -0.0153723 1.02744
-0.608654 -0.0162178 1.05653
-1.08569 -0.0107684 1.94843
-1.313 0.0397192 2.36938
-1.2571 0.0339242 2.43094
-1.9864 0.0673472 2.99879
-1.90965 0.197724 3.04272
2.6494 2.44728 -2.68282
2.6494 2.44728 -2.68282
11.5855 8.23822 -13.5098
11.9159 7.95497 -13.5414
13.8447 9.22052 -15.6215
23.5691 13.8912 -27.7569
23.5691 13.8912 -27.7569
38.2864 17.9029 -46.8936
36.831 17.4141 -51.7884
46.7512 19.3212 -71.7042
51.231 21.4003 -89.9866
42.1848 16.856 -85.9768
41.5295 26.3636 -95.2048
36.9794 28.1612 -98.1135
36.9612 30.9825 -106.206
34.8451 32.1424 -106.559
31.6953 31.9965 -108.133
21.2039 31.4154 -103.284
21.5936 30.3601 -109.651
13.4896 29.4506 -109.145
4.30817 26.1691 -106.59
-0.69197 19.2744 -103.498
-11.7448 10.8359 -97.3682
-21.512 9.59211 -95.0188
-34.6829 2.98899 -86.7391
-37.7053 -1.76463 -88.9884
-43.3986 -6.20875 -87.7268
-54.1833 -4.52647 -84.5471
-67.3243 -1.32346 -79.4794
-73.6267 -2.88428 -83.3252
-89.591 -7.81879 -71.8099
-96.842 -16.7457 -65.6122
-105.328 -18.9738 -59.0601
-121.26 -13.9002 -49.2292
-125.295 -3.52085 -54.4112
-121.009 1.90005 -64.7129
-120.531 1.44244 -69.4279
-129.619 1.64949 -61.3741
-124.775 4.14643 -70.8905
-127.717 4.06011 -71.1594
-128.312 3.4246 -73.2726
-128.312 3.4246 -73.2726
-128.82 3.71499 -76.5916
-139.01 0.91956 -69.2739
-146.289 -0.545587 -65.3111
-157.761 -2.09309 -57.3635
-163.211 -2.75668 -54.934
-175.87 -5.47793 -40.2834
-175.87 -5.47793 -40.2834
-180.949 -7.50173 -30.6125
-183.59 -8.31681 -30.1996
-186.17 -7.57744 -32.3107
-185.017 -6.8977 -37.8941
-179.377 -4.83741 -49.4251
-183.169 -5.66386 -46.3652
-183.169 -5.66386 -46.3652
-182.443 -5.65445 -49.6837
-189.929 -7.47296 -37.4827
-191.039 -7.80359 -37.7794
-201.684 -10.2947 -24.3546
-205.384 -5.70475 -26.3456
-205.384 -5.70475 -26.3456
-212.896 -5.73662 -22.624
-212.896 -5.73662 -22.624
-220.802 -6.17364 -14.2915
-220.802 -6.17364 -14.2915
-224.088 -5.07834 -16.8725
-224.088 -5.07834 -16.8725
-232.369 -7.1467 -6.15348
-246.814 -7.95733 0.438139
-246.814 -7.95733 0.438139
-251.854 -8.50784 4.71018
-258.68 -7.95702 7.9644
-269.592 -9.79739 25.9512
-274.643 -10.6026 29.1077
-274.643 -10.6026 29.1077
-274.643 -10.6026 29.1077
-274.643 -10.6026 29.1077
-274.643 -10.6026 29.1077
-274.643 -10.6026 29.1077
-274.643 -10.6026 29.1077
-274.643 -10.6026 29.1077
-274.643 -10.6026 29.1077
-273.75 -20.791 42.7389
-273.75 -20.791 42.7389
-281.396 -20.8866 51.393
-291.955 -21.6734 64.1476
-291.764 -21.0018 64.3647
-291.803 -21.0478 64.371
-291.861 -20.9876 64.5311
-291.639 -21.0016 64.2107
-291.823 -20.9895 64.557
-291.532 -21.0446 64.0673
-292.034 -21.0448 64.8014
-291.821 -21.0749 64.5093
-291.995 -20.9971 64.6051
-291.849 -21.0343 64.4543
-292.388 -20.8964 65.163
-292.208 -20.9278 64.9173
-292.236 -20.9206 65.0404
-292.126 -20.9552 64.8522
-292.099 -20.9837 64.9621
-292.378 -20.905 65.2022
-292.488 -20.8929 65.3953
-292.43 -20.9471 65.342
-292.325 -20.9541 65.1751
-292.345 -20.938 65.1806
-292.472 -20.922 65.3117
-292.378 -20.8879 65.146
-292.394 -20.9475 65.1683
-292.51 -20.9851 65.4572
-292.407 -20.9361 65.2419
-292.321 -20.9393 65.1742
