-0.110434 -0.010494 0.0670653
-0.868952 -0.446469 1.12467
-0.811481 -0.433865 1.09591
-1.10161 -0.592819 1.49191
-0.986233 -0.549006 1.40979
-0.990458 -0.511581 1.30398
-0.966283 -0.580471 1.45043
-1.16334 -0.684921 1.7005
-1.16887 -0.692257 1.73739
-1.11652 -0.62646 1.56924
-1.21562 -0.720979 1.79852
-1.08854 -0.629292 1.61544
-1.11008 -0.697397 1.82787
-1.24003 -0.676059 1.82773
-1.27081 -0.770911 2.05725
-1.28811 -0.827533 2.13095
-1.4483 -0.860234 2.29571
-1.26653 -0.775501 2.15142
-1.25778 -0.748998 2.17059
-1.35901 -0.803262 2.27581
-1.17863 -0.644872 2.18825
-1.35208 -0.760373 2.44458
-1.29505 -0.724804 2.42013
-1.4084 -0.812155 2.57996
-1.51176 -0.781454 2.6762
-1.40822 -0.759326 2.66436
-1.35852 -0.717575 2.54444
-1.31084 -0.741943 2.62707
-1.16119 -0.596608 2.36643
-1.38404 -0.713589 2.68491
-1.42783 -0.751946 2.80823
-1.48991 -0.713548 2.84269
-1.20576 -0.598399 2.70415
-0.971869 -0.385264 2.17856
-0.522392 -0.324271 2.54804
