-0.144622 0.0013202 0.0780163
0.305133 0.0294798 -0.565341
-0.102694 0.0247881 0.0263196
-0.0101501 0.0426979 -0.143406
-0.114806 -0.0287932 -0.0537756
-0.450479 -0.00585249 0.562098
-0.412845 -0.0239071 0.496371
-0.252483 0.0296841 0.142358
-0.337492 0.0106585 0.382178
-0.407958 -0.0176509 0.453474
-0.160691 0.0258702 0.157648
0.175824 0.0808017 -0.498747
0.0624434 0.0459786 -0.338866
0.267918 0.0757945 -0.694743
0.631479 0.0781966 -1.24411
0.673186 0.187268 -1.44853
0.393051 0.145096 -0.937309
0.940177 0.172263 -1.73442
0.402632 0.130491 -1.16166
0.551486 0.128358 -1.17717
5.27756 0.305257 -8.9174
14.2453 2.26784 -19.9137
27.8984 10.0314 -31.8651
39.7336 17.8236 -49.7189
34.4548 19.6956 -38.3983
34.4548 19.6956 -38.3983
29.8791 18.6142 -30.9446
29.737 19.4268 -29.2249
30.465 20.1098 -28.9338
30.2821 20.305 -29.2356
29.7297 21.3177 -28.6964
29.5398 21.4402 -26.1662
28.2475 22.009 -19.5049
25.0734 20.9567 -11.3964
24.8903 21.1204 -11.0641
28.585 22.8503 -18.2687
28.585 22.8503 -18.2687
34.1556 24.1193 -25.5831
37.2098 25.3102 -29.7124
36.8259 24.41 -29.3042
36.8259 24.41 -29.3042
34.5645 22.6658 -23.8379
42.0373 23.9499 -40.0136
47.9593 24.0829 -51.0143
49.4088 23.5842 -54.6075
49.4088 23.5842 -54.6075
41.4426 21.041 -44.7509
38.8262 20.2537 -43.1768
46.7953 21.9743 -60.6896
46.7953 21.9743 -60.6896
46.7953 21.9743 -60.6896
41.4537 15.7735 -59.8189
30.8904 12.2438 -55.2942
22.0944 7.56368 -51.031
15.5133 2.53185 -49.9668
6.91085 -2.24376 -47.7374
-1.93798 -2.68348 -51.6989
-6.26888 -3.89925 -53.3399
-4.55972 -3.89013 -64.3198
-11.6393 -6.24195 -65.3083
-18.01 -8.39273 -63.1663
-26.08 -10.5708 -60.5177
-33.2155 -12.055 -57.8243
-31.6493 -10.939 -67.5641
-36.8601 -12.4462 -67.4382
-36.8601 -12.4462 -67.4382
-36.8601 -12.4462 -67.4382
-42.3754 -13.7857 -68.8928
-57.4647 -18.0605 -58.6215
-69.258 -18.3425 -51.2863
-81.1109 -18.6742 -40.4584
-88.2957 -19.2302 -37.4078
-92.6751 -21.861 -35.8676
-99.0179 -26.3597 -33.2035
-104.949 -28.6698 -30.8928
-104.949 -28.6698 -30.8928
-113.014 -31.0949 -24.2016
-123.597 -36.7195 -15.0548
-130.972 -39.9219 -10.8835
-141.587 -40.6986 -6.86536
-148.403 -42.5561 -3.85738
-161.915 -46.3222 7.16672
-171.877 -50.175 15.3171
-182.292 -57.6016 26.5887
-195.816 -63.2115 39.2559
-209.113 -66.7889 51.2786
-225.882 -69.0739 65.1833
-235.938 -70.3066 72.0793
-249.669 -70.6709 82.6827
-256.669 -69.4858 86.678
-273.121 -68.9073 98.9156
-282.782 -68.2491 105.3
-294.92 -69.0729 115.118
-304.922 -71.662 122.197
-312.011 -73.4254 126.963
-318.765 -76.3051 131.871
-328.609 -78.776 137.705
-339.178 -79.2273 145.441
-347.234 -80.0604 150.299
-359.996 -77.3165 161.202
-369.444 -73.4466 167.476
-376.414 -70.2035 175.035
-375.727 -66.3713 173.848
-383.202 -64.3309 181.665
-386.735 -61.4637 182.448
-394.47 -61.097 190.226
-399.518 -56.802 193.694
-406.168 -52.4976 199.713
-422.287 -48.8048 216.326
-420.478 -40.061 211.666
-429.791 -34.5183 221.094
-426.769 -29.3941 217.711
-426.769 -29.3941 217.711
-408.15 -20.5045 200.326
-406.204 -14.8375 196.772
-407.732 -16.752 208.946
-407.404 -12.9106 200.965
-419.186 -14.9279 216.163
-435.381 -13.9164 232.398
-436.64 -9.92347 231.418
-430.005 -5.119 220.061
-433.17 -1.40519 222.996
-437.614 -0.0618434 229.695
-431.661 2.84742 226.137
-431.661 2.84742 226.137
-429.893 5.63992 226.87
-434.505 9.92289 231.773
-438.947 12.3065 237.939
-440.362 14.2176 239.359
-443.578 15.788 243.29
-447.071 16.0491 248.745
-455.057 19.6504 260.385
-457.495 22.7488 265.111
-457.495 22.7488 265.111
-471.324 25.1477 282.992
-470.528 32.3196 276.731
-470.528 32.3196 276.731
-471.484 38.8627 275.653
-466.741 48.0859 266.159
-466.741 48.0859 266.159
-470.93 50.2012 277.654
-467.457 54.2622 274.306
-467.457 54.2622 274.306
-467.457 54.2622 274.306
-467.457 54.2622 274.306
-476.869 57.9883 281.848
-484.887 60.9913 287.659
-487.73 63.729 290.488
-487.73 63.729 290.488
-489.473 67.3906 292.946
-489.473 67.3906 292.946
-489.473 67.3906 292.946
-489.473 67.3906 292.946
-497.973 65.6865 304.724
-497.973 65.6865 304.724
-501.758 65.2974 306.447
-504.412 65.9142 308.982
-515.058 58.508 327.004
-512.695 59.9708 326.419
-520.504 60.6188 336.737
-519.387 63.9285 329.412
-519.387 63.9285 329.412
-515.053 62.9085 323.942
-515.76 63.5503 326.475
-518.891 64.9495 330.178
-520.141 63.138 332.31
-521.951 63.2979 334.08
-510.729 68.8177 315.606
-507.399 74.943 309.204
-504.711 78.0921 305.611
-498.427 77.9826 300.842
-498.427 77.9826 300.842
-494.7 78.7997 298.379
-492.393 79.117 300.417
-494.293 82.9433 305.84
-495.205 84.7474 307.927
-492.996 85.4872 308.02
-489.086 83.9117 309.021
-486.682 81.163 312.282
-482.801 80.7323 313.339
-481.179 79.1829 317.378
-482.208 77.2545 322.639
-482.518 73.8447 327.776
-476.182 75.0157 322.819
-476.182 75.0157 322.819
-475.155 75.4399 326.024
-475.155 75.4399 326.024
-471.407 74.8787 325.221
-471.407 74.8787 325.221
-473.281 71.3284 334.406
-464.242 74.3164 327.121
-464.242 74.3164 327.121
-473.044 68.6733 343.862
-462.007 70.9818 330.302
-450.661 74.5849 314.946
-445.207 74.4759 312.036
-438.763 75.4342 309.134
-428.8 76.2881 303.054
-415.742 84.533 289.251
-406.935 88.0144 283.505
-402.533 89.6727 280.725
-393.252 93.1013 269.033
-392.583 89.2213 274.111
-384.306 88.5862 270.314
-384.306 88.5862 270.314
-384.306 88.5862 270.314
-380.866 88.4935 273.494
-376.646 89.2569 272.344
-376.282 90.2812 272.558
-376.282 90.2812 272.558
-376.282 90.2812 272.558
-390.935 88.5514 288.66
-390.935 88.5514 288.66
-390.935 88.5514 288.66
-387.119 87.427 289.572
-387.119 87.427 289.572
-381.021 87.0662 288.412
-380.419 91.5688 292.055
-378.301 96.021 293.521
-385.192 97.1293 304.794
-387.341 95.7385 310.031
-387.341 95.7385 310.031
-385.56 93.2239 314.744
-385.56 93.2239 314.744
-379.414 92.8516 315.874
-379.414 92.8516 315.874
-379.414 92.8516 315.874
-375.673 93.0068 316.242
-373.057 93.5141 318.053
-366.421 93.3771 316.631
-365.911 95.0819 315.479
-359.183 94.4322 312.465
-354.82 93.7699 312.655
-357.192 95.2986 315.574
-357.192 95.2986 315.574
-357.192 95.2986 315.574
-357.192 95.2986 315.574
-357.192 95.2986 315.574
-352.694 96.7806 315.338
-347.154 100.053 305.656
-342.222 103.685 302.104
-341.139 102.488 301.721
-341.139 102.488 301.721
-339.454 100.704 301.918
-339.148 103.128 301.687
-337.296 100.007 305.173
-341.778 96.5213 309.094
-344.436 92.7489 312.804
-346.25 89.2165 311.042
-343.109 87.3 305.704
-338.508 84.2983 298.101
-338.508 84.2983 298.101
-340.165 80.5225 297.566
-340.902 77.661 294.758
-342.305 75.6528 294.362
-340.297 78.3548 291.213
-337.017 80.1425 285.074
-332.539 79.1661 276.742
-329.351 74.8144 275.793
-325.368 67.4856 273.664
-321.364 60.1467 279.283
-321.364 60.1467 279.283
-314.73 45.4206 279.203
-308.893 44.7869 278.842
-310.081 45.2822 276.421
-310.716 42.7409 276.522
-311.565 38.357 273.757
-309.768 37.0065 271.116
-303.972 38.0112 260.529
-302.475 35.9017 257.639
-300.953 35.992 254.242
-299.343 34.3854 252.835
-301.781 28.4721 255.897
-301.781 28.4721 255.897
-301.781 28.4721 255.897
-301.781 28.4721 255.897
-301.781 28.4721 255.897
-305.457 24.2102 256.518
-307.017 21.7356 253.861
-305.468 18.9534 252.025
-295.558 19.0792 237.787
-284.503 18.3515 221.506
-282.284 13.5587 219.539
-273.916 13.856 206.127
-272.587 11.8548 203.98
-274.14 8.8065 207.637
-270.392 8.53034 202.123
-269.163 8.11348 198.943
-268.337 6.85983 198.051
-265.093 4.37266 193.946
-261.32 2.94564 188.275
-254.383 4.02018 176.367
-255.308 -0.741552 177.89
-248.342 -2.45209 168.663
-245.673 -2.25103 165.777
-244.019 -4.91952 164.417
-247.94 -12.2634 172.128
-248.47 -16.3933 176.424
-249.308 -23.9232 180.086
-247.649 -26.4582 179.529
-248.424 -28.9582 181.453
-249.829 -32.1945 185.129
-249.833 -36.3526 184.1
-252.447 -38.8975 187.869
-246.804 -39.5955 179.211
-246.228 -40.5893 177.378
-246.65 -43.9953 177.21
-252.918 -48.4726 185.569
-247.556 -49.1259 182.491
-247.556 -49.1259 182.491
-233.023 -41.0136 164.695
-215.953 -30.8601 149.149
-215.953 -30.8601 149.149
-204.462 -24.9646 139.212
-190.418 -19.1916 124.829
-190.418 -19.1916 124.829
-177.065 -10.6585 106.746
-171.747 -8.1942 99.2989
-166.988 -9.98429 98.1538
-167.836 -8.63662 99.0957
-158.805 -3.08099 84.2338
-158.805 -3.08099 84.2338
-149.443 5.00733 76.4249
-149.443 5.00733 76.4249
-139.424 7.55205 66.6907
-148.909 3.105 84.7709
-148.909 3.105 84.7709
-152.292 2.23308 90.044
-152.292 2.23308 90.044
-149.622 1.31985 83.8898
-138.347 1.72573 65.6286
-138.347 1.72573 65.6286
-138.347 1.72573 65.6286
-137.848 0.919908 62.4567
-137.848 0.919908 62.4567
-134.062 3.46037 56.904
-138.475 1.15195 63.4532
-134.916 2.71422 57.096
-133.475 3.48852 54.2398
-132.438 3.98043 52.716
-128.963 6.02723 48.0618
-125.951 7.50998 44.0584
-125.934 7.80929 44.5572
-125.782 8.20021 45.6428
-129.599 6.17024 51.9117
-133.454 2.1652 59.0705
-133.454 2.1652 59.0705
-124.198 6.20554 46.5155
-122.59 6.53722 43.4399
-137.934 -6.9179 53.7899
-127.864 -13.1573 35.4415
-135.79 -15.2834 45.3238
-135.536 -15.3251 45.1087
-135.5 -15.3103 44.9281
-135.291 -15.3022 44.7534
-134.897 -15.2544 44.2322
-135.016 -15.2597 44.4288
-134.691 -15.1903 43.9578
-134.677 -15.1785 43.9517
-134.679 -15.1699 43.782
-134.846 -15.2143 44.1008
-135.109 -15.2445 44.4672
-135.331 -15.3021 44.8267
-135.077 -15.2921 44.4531
-135.182 -15.2544 44.5404
-135.073 -15.2562 44.4714
-134.672 -15.1795 43.794
-135.824 -15.2662 45.4092
-134.492 -15.3314 43.5513
-134.718 -15.3035 43.8806
-133.758 -15.2064 42.4434
-134.122 -15.2397 42.9837
-134.248 -15.237 43.2199
-133.913 -15.1752 42.517
-133.764 -15.1944 42.4399
-133.92 -15.213 42.7301
-134.045 -15.2076 42.8546
