0 0 0
-0.0926197 -0.0128602 0.0642904
-0.0887942 0.0282999 0.0591529
-0.740081 -0.0308929 1.11523
-0.12007 0.139445 0.00493366
-1.01368 -0.0183392 1.50725
-0.864356 0.104357 0.864749
-0.830423 0.137169 0.736099
-0.846903 -0.0153324 1.22807
-0.870369 0.164688 0.564679
-0.827736 0.117528 0.774849
-0.277272 0.164423 -0.21801
-0.991827 0.257653 0.226287
-1.32798 0.200724 0.930869
-1.06589 0.197598 0.520042
-1.11216 0.138 0.644111
-0.96574 0.292067 0.0770597
-1.5261 0.393447 0.407831
2.985 1.31825 -9.49205
0.821541 0.303682 -3.2305
2.67295 0.774069 -7.70364
3.31869 1.15684 -9.98599
1.67914 0.354803 -4.85292
1.80608 0.487967 -5.46229
1.45471 0.656129 -5.38646
1.34951 0.655378 -5.27945
1.77884 0.936132 -6.55738
-0.146694 0.601446 -3.55067
-0.146694 0.601446 -3.55067
-1.11036 -0.944906 -1.26824
-8.32428 -2.08908 11.2585
-0.809114 -0.442731 -3.05079
-6.16515 -2.63595 5.32466
-5.55474 -2.32534 4.18783
-0.93157 -0.251266 -3.47638
-0.93157 -0.251266 -3.47638
-0.93157 -0.251266 -3.47638
8.2199 2.32111 -16.4972
16.3455 3.59699 -26.3815
27.8032 6.15778 -44.8198
27.8032 6.15778 -44.8198
27.8032 6.15778 -44.8198
26.2774 0.259046 -43.9981
11.2774 -7.98508 -24.9922
11.2774 -7.98508 -24.9922
11.2774 -7.98508 -24.9922
11.2774 -7.98508 -24.9922
13.775 -11.7744 -28.296
26.182 -6.90782 -43.6719
13.1538 -17.9918 -28.25
8.23538 -27.4545 -28.5127
-8.61495 -41.7473 -14.5031
-8.61495 -41.7473 -14.5031
-15.7504 -50.1578 -8.30011
-27.7446 -57.364 2.77313
-27.7446 -57.364 2.77313
-40.4742 -65.1906 17.223
-44.9128 -68.2994 22.5576
-52.5937 -72.0153 31.0628
-55.7272 -72.3622 29.0404
-55.1493 -67.4695 24.1718
-52.0251 -65.9084 17.4343
-51.6039 -68.6785 16.2427
-51.6039 -68.6785 16.2427
-59.5702 -68.2832 25.1657
-59.7907 -72.6886 8.76347
-68.5291 -77.4736 17.1188
-68.5291 -77.4736 17.1188
-68.5291 -77.4736 17.1188
-68.5291 -77.4736 17.1188
-68.5291 -77.4736 17.1188
-77.8554 -81.7152 28.8829
-82.0455 -83.5665 33.4099
-82.0455 -83.5665 33.4099
-82.0455 -83.5665 33.4099
-96.7245 -89.6542 53.4326
-96.7245 -89.6542 53.4326
-96.7245 -89.6542 53.4326
-96.7245 -89.6542 53.4326
-96.7245 -89.6542 53.4326
-96.7245 -89.6542 53.4326
-96.7245 -89.6542 53.4326
-96.7245 -89.6542 53.4326
-96.7245 -89.6542 53.4326
-109.155 -96.9218 70.6546
-118.454 -104.366 81.4329
-123.759 -109.194 86.9913
-135.951 -117.863 104.15
-139.135 -120.299 110.113
-145.668 -120.635 124.285
-143.329 -119.393 123.925
-143.329 -119.393 123.925
-143.329 -119.393 123.925
-143.329 -119.393 123.925
-143.329 -119.393 123.925
-143.329 -119.393 123.925
-143.329 -119.393 123.925
-143.329 -119.393 123.925
-142.633 -117.675 121.599
-142.633 -117.675 121.599
-142.633 -117.675 121.599
-152.853 -123.636 135.219
-152.853 -123.636 135.219
-157.587 -124.939 142.11
-165.006 -129.518 148.952
-165.006 -129.518 148.952
-176.39 -133.693 164.509
-176.39 -133.693 164.509
-176.39 -133.693 164.509
-176.39 -133.693 164.509
-176.39 -133.693 164.509
-176.39 -133.693 164.509
-186.141 -134.671 175.696
-195.932 -137.257 182.743
-207.818 -139.466 190.991
-206.247 -137.995 180.813
-207.958 -135.24 170.341
-223.625 -135.413 178.394
-237.478 -137.863 185.348
-237.478 -137.863 185.348
-255.929 -141.18 196.963
-255.929 -141.18 196.963
-255.929 -141.18 196.963
-255.929 -141.18 196.963
-271.256 -150.43 208.462
-282.232 -151.866 214.108
-299.749 -155.386 222.953
-311.052 -154.375 223.444
-316.006 -152.597 219.946
-324.186 -152.82 218.058
-338.619 -155.642 228.823
-354.209 -156.119 235.151
-369.259 -157.305 243.734
-369.259 -157.305 243.734
-369.259 -157.305 243.734
-369.259 -157.305 243.734
-381.392 -158.985 250.611
-401.33 -162.933 262.61
-401.33 -162.933 262.61
-413.273 -164.546 268.807
-413.273 -164.546 268.807
-413.273 -164.546 268.807
-432.27 -168.943 280.293
-447.148 -171.868 283.114
-447.148 -171.868 283.114
-458.085 -169.624 274.936
-458.085 -169.624 274.936
-458.085 -169.624 274.936
-458.085 -169.624 274.936
-468.476 -168.189 276.716
-464.429 -165.828 269.87
-482.658 -166.894 277.38
-482.555 -168.381 275.598
-486.329 -166.508 272.512
-495.388 -163.901 269.253
-495.388 -163.901 269.253
-495.388 -163.901 269.253
-495.388 -163.901 269.253
-496.586 -164.453 268.546
-496.262 -158.386 261.913
-493.28 -152.188 253.126
-480.414 -145.534 235.32
-485.131 -144.705 233.638
-485.131 -144.705 233.638
-476.851 -138.709 215.586
-476.851 -138.709 215.586
-465.365 -126.641 195.447
-458.8 -121.603 180.679
-458.8 -121.603 180.679
-458.8 -121.603 180.679
-458.8 -121.603 180.679
-458.8 -121.603 180.679
-458.8 -121.603 180.679
-458.8 -121.603 180.679
-444.608 -118.708 166.873
-444.608 -118.708 166.873
-434.028 -113.822 152.317
-434.028 -113.822 152.317
-434.028 -113.822 152.317
-434.028 -113.822 152.317
-420.201 -111.325 137.218
-420.201 -111.325 137.218
-420.201 -111.325 137.218
-420.201 -111.325 137.218
-420.201 -111.325 137.218
-420.201 -111.325 137.218
-409.397 -105.586 128.395
-394.596 -100.217 118.833
-394.596 -100.217 118.833
-384.438 -99.0244 116.364
-384.438 -99.0244 116.364
-370.908 -98.8199 107.521
-358.925 -98.0252 97.8049
-345.794 -94.063 86.8343
-340.048 -90.7558 89.2033
-322.074 -83.8658 76.1552
-322.074 -83.8658 76.1552
-322.074 -83.8658 76.1552
-322.074 -83.8658 76.1552
-304.245 -82.1083 60.3974
-304.245 -82.1083 60.3974
-289.715 -81.7431 54.7429
-271.951 -80.3085 48.8
-271.951 -80.3085 48.8
-271.951 -80.3085 48.8
-271.951 -80.3085 48.8
-271.951 -80.3085 48.8
-271.951 -80.3085 48.8
-271.951 -80.3085 48.8
-271.951 -80.3085 48.8
-271.951 -80.3085 48.8
-271.951 -80.3085 48.8
-271.951 -80.3085 48.8
-271.951 -80.3085 48.8
-271.951 -80.3085 48.8
-271.951 -80.3085 48.8
-271.951 -80.3085 48.8
-271.951 -80.3085 48.8
-271.951 -80.3085 48.8
-252.05 -73.0681 32.903
-239.93 -68.4612 27.3676
-231.597 -65.2631 29.944
-226.656 -65.5514 34.1167
-226.656 -65.5514 34.1167
-209.81 -58.8504 24.4255
-209.81 -58.8504 24.4255
-191.576 -54.6781 13.6462
-191.576 -54.6781 13.6462
-191.576 -54.6781 13.6462
-186.087 -50.5537 26.2779
-186.087 -50.5537 26.2779
-184.397 -50.5036 34.6326
-179.244 -48.2458 43.7564
-177.174 -43.4781 53.2837
-184.1 -46.4833 71.2464
-184.1 -46.4833 71.2464
-182.583 -46.8356 73.7638
-180.122 -41.1782 71.2018
-180.823 -43.5625 71.7947
-180.823 -43.5625 71.7947
-180.823 -43.5625 71.7947
-180.823 -43.5625 71.7947
-180.823 -43.5625 71.7947
-178.871 -42.9687 68.3122
-178.871 -42.9687 68.3122
-167.846 -39.8932 48.628
-179.314 -45.5355 66.5208
-179.314 -45.5355 66.5208
-194.218 -65.006 82.8891
-206.284 -64.5827 97.9976
-209.788 -64.2499 102.438
-211.725 -64.3062 104.904
-211.704 -64.0874 106.095
-212.175 -64.1145 107.097
-212.427 -64.1141 107.513
-211.659 -63.9879 106.801
-212.2 -64.0313 107.216
-211.962 -63.829 106.758
-212.383 -63.968 107.582
-212.315 -63.9618 107.194
-212.462 -63.8751 107.309
-212.965 -64.0368 107.916
-213.006 -64.0197 108.036
-212.792 -64.069 107.68
-212.855 -64.0918 107.836
-213.203 -64.1925 108.057
-212.271 -64.458 106.152
-211.901 -64.0945 106.99
-209.94 -63.3825 105.691
-210.181 -63.515 106.093
-210.356 -63.3234 105.947
-210.072 -63.1598 105.381
-210.302 -63.2053 105.686
-209.941 -63.1264 105.215
-209.709 -62.9238 105.058
-210.129 -63.1063 105.471
-210.022 -63.0089 105.453
-210.064 -63.0231 105.396
-209.845 -62.9966 105.341
-210.005 -62.9816 105.436
-209.964 -63.0423 105.427
-210.694 -63.2041 106.21
-210.669 -63.2313 106.086
-210.687 -63.1658 106.188
-210.517 -63.1927 105.855
-210.039 -63.0288 105.416
-210.38 -63.1782 105.784
-210.054 -63.0603 105.404
-210.142 -63.0455 105.597
-210.249 -63.094 105.619
-210.315 -63.1272 105.71
-210.645 -63.1157 106.164
-210.446 -63.0704 105.84
-210.499 -63.0779 105.895
-211.046 -63.2255 106.599
-211.179 -62.0792 106.427
-211.882 -63.5377 107.018
-211.722 -63.4903 106.689
-211.89 -63.4932 107.04
-212.125 -63.5305 107.28
-212.228 -63.5352 107.284
-211.944 -63.5422 107.097
-211.945 -63.4668 106.981
