0.143463 -0.0542984 -0.133549
0.0765851 -0.0785675 0.0420725
-0.18545 -0.0670348 0.339948
-0.161462 -0.0159372 0.333804
0.0373789 -0.0545732 0.182014
-0.00163192 0.0520224 0.407018
0.0458488 0.0152612 0.409727
0.136166 0.0391005 0.374132
0.0198964 0.0302147 0.483726
-0.168088 0.0982767 0.69998
-0.0791751 0.051461 0.679747
-0.0399706 0.0552146 0.695746
0.198892 0.0625545 0.640557
0.27257 0.0699214 0.5937
0.437009 0.112135 0.528122
0.701838 0.0578198 0.282598
0.284118 0.142299 0.685041
0.0843919 0.465326 1.02578
-0.409325 0.543075 1.4553
-0.415371 0.538547 1.57829
-0.406881 0.553029 1.43791
-0.842084 0.588404 1.73922
-2.29903 0.769682 3.05938
-2.45824 0.810249 3.24527
-1.85696 0.728 2.71396
-1.78206 0.821961 2.52459
-3.3678 0.993122 4.01231
-3.29836 1.02801 4.02235
-4.27667 1.17019 4.97111
-5.63235 1.42265 6.43642
-2.43732 1.05418 2.33149
-0.826563 2.66277 0.955755
-2.20419 1.25288 2.17824
-2.82116 1.25727 3.03985
0.612281 1.08069 -0.724025
4.15459 2.21641 -4.54295
10.4235 1.15311 -11.6693
10.61 5.45086 -12.2097
11.9709 4.96307 -13.5932
11.6826 6.65295 -12.6158
7.99482 5.16562 -10.3297
9.03195 5.29011 -10.7459
6.17145 7.90951 -7.75055
6.17145 7.90951 -7.75055
6.17145 7.90951 -7.75055
6.17145 7.90951 -7.75055
6.17145 7.90951 -7.75055
6.2508 12.3628 -6.78895
-4.30468 7.75794 2.84139
-11.9421 7.22898 12.2985
-12.2023 6.19216 11.5516
-12.2023 6.19216 11.5516
-12.2023 6.19216 11.5516
-16.1794 8.03086 16.0603
-17.5396 8.18226 17.6425
-12.8929 10.7294 12.5222
-12.8929 10.7294 12.5222
-19.4646 11.5147 19.7862
-14.5062 13.9992 14.363
-8.51836 13.1018 7.86918
-16.6993 9.55489 16.3245
-19.6334 6.00328 19.3595
-22.3002 2.57848 22.2668
-22.3002 2.57848 22.2668
-15.6325 6.18574 14.618
-15.6325 6.18574 14.618
-16.9156 -3.69155 16.0149
-26.2895 -10.5744 25.8212
-31.1213 -25.2558 34.4565
-40.9574 -35.7045 47.5435
-49.4835 -43.1277 56.9954
-49.4835 -43.1277 56.9954
-53.8022 -33.9361 39.5702
-66.5739 -44.4892 50.0756
-71.7775 -54.4403 58.3154
-71.7775 -54.4403 58.3154
-71.7775 -54.4403 58.3154
-71.7775 -54.4403 58.3154
-82.5001 -58.1909 66.9459
-82.5001 -58.1909 66.9459
-87.548 -58.2805 69.3779
-87.548 -58.2805 69.3779
-87.548 -58.2805 69.3779
-87.548 -58.2805 69.3779
-87.548 -58.2805 69.3779
-87.548 -58.2805 69.3779
-101.478 -65.0308 82.4717
-101.478 -65.0308 82.4717
-101.478 -65.0308 82.4717
-101.478 -65.0308 82.4717
-100.993 -76.3221 89.0751
-108.663 -89.195 101.47
-108.663 -89.195 101.47
-114.318 -90.7065 106.497
-104.765 -83.8359 93.8715
-115.364 -87.2656 106.409
-115.364 -87.2656 106.409
-115.364 -87.2656 106.409
-120.109 -88.9577 110.973
-120.109 -88.9577 110.973
-120.109 -88.9577 110.973
-120.109 -88.9577 110.973
-129.323 -89.5341 123.001
-129.323 -89.5341 123.001
-114.313 -87.6414 103.511
-114.313 -87.6414 103.511
-114.313 -87.6414 103.511
-114.313 -87.6414 103.511
-114.313 -87.6414 103.511
-108.226 -79.7366 90.8509
-108.226 -79.7366 90.8509
-108.226 -79.7366 90.8509
-108.226 -79.7366 90.8509
-108.226 -79.7366 90.8509
-108.226 -79.7366 90.8509
-108.226 -79.7366 90.8509
-108.226 -79.7366 90.8509
-108.226 -79.7366 90.8509
-108.226 -79.7366 90.8509
-108.226 -79.7366 90.8509
-108.226 -79.7366 90.8509
-108.226 -79.7366 90.8509
-108.226 -79.7366 90.8509
-108.677 -82.1781 87.2174
-108.677 -82.1781 87.2174
-108.677 -82.1781 87.2174
-108.677 -82.1781 87.2174
-108.677 -82.1781 87.2174
-97.3726 -77.9504 74.021
-97.3726 -77.9504 74.021
-97.3726 -77.9504 74.021
-97.3726 -77.9504 74.021
-97.3726 -77.9504 74.021
-91.3254 -77.4896 64.6974
-88.137 -75.254 61.0521
-88.137 -75.254 61.0521
-75.5054 -68.9114 41.3753
-84.7674 -69.4929 54.6612
-78.0812 -64.2574 43.7224
-78.0812 -64.2574 43.7224
-78.0812 -64.2574 43.7224
-73.693 -63.4194 43.2243
-61.8786 -60.7541 34.6045
-61.8786 -60.7541 34.6045
-61.8786 -60.7541 34.6045
-61.8786 -60.7541 34.6045
-61.8786 -60.7541 34.6045
-61.8786 -60.7541 34.6045
-61.8786 -60.7541 34.6045
-61.8786 -60.7541 34.6045
-61.8786 -60.7541 34.6045
-61.8786 -60.7541 34.6045
-61.8786 -60.7541 34.6045
-61.8786 -60.7541 34.6045
-61.8786 -60.7541 34.6045
-61.8786 -60.7541 34.6045
-61.8786 -60.7541 34.6045
-61.8786 -60.7541 34.6045
-61.8786 -60.7541 34.6045
-61.8786 -60.7541 34.6045
-61.8786 -60.7541 34.6045
-61.8786 -60.7541 34.6045
-52.0772 -51.7328 15.2447
-52.0772 -51.7328 15.2447
-52.0772 -51.7328 15.2447
-52.0772 -51.7328 15.2447
-52.0772 -51.7328 15.2447
-52.0772 -51.7328 15.2447
-52.0772 -51.7328 15.2447
-52.0772 -51.7328 15.2447
-52.0772 -51.7328 15.2447
-52.0772 -51.7328 15.2447
-71.6161 -48.7525 33.4254
-71.6161 -48.7525 33.4254
-71.6161 -48.7525 33.4254
-71.6161 -48.7525 33.4254
-71.6161 -48.7525 33.4254
-66.5342 -53.4515 29.6393
-66.8513 -53.459 29.4995
-86.2515 -52.4465 31.1815
-88.8558 -55.6486 36.5075
-88.6288 -55.3681 36.3183
-95.51 -60.3876 42.8506
-101.067 -63.6733 46.9008
-108.365 -68.0202 51.5844
-116.727 -67.7117 58.5768
-116.727 -67.7117 58.5768
-116.727 -67.7117 58.5768
-116.727 -67.7117 58.5768
-116.727 -67.7117 58.5768
-116.727 -67.7117 58.5768
-116.727 -67.7117 58.5768
-116.727 -67.7117 58.5768
-116.727 -67.7117 58.5768
-126.659 -71.9894 65.9957
-126.2 -71.0633 68.8554
-126.2 -71.0633 68.8554
-126.2 -71.0633 68.8554
-126.2 -71.0633 68.8554
-126.2 -71.0633 68.8554
-126.2 -71.0633 68.8554
-126.2 -71.0633 68.8554
-126.2 -71.0633 68.8554
-126.2 -71.0633 68.8554
-126.2 -71.0633 68.8554
-126.2 -71.0633 68.8554
-126.2 -71.0633 68.8554
-126.2 -71.0633 68.8554
-126.2 -71.0633 68.8554
-126.2 -71.0633 68.8554
-126.2 -71.0633 68.8554
-126.2 -71.0633 68.8554
-126.2 -71.0633 68.8554
-126.2 -71.0633 68.8554
-126.2 -71.0633 68.8554
-126.2 -71.0633 68.8554
-126.2 -71.0633 68.8554
-126.2 -71.0633 68.8554
-126.2 -71.0633 68.8554
-126.2 -71.0633 68.8554
-126.2 -71.0633 68.8554
-126.2 -71.0633 68.8554
-126.2 -71.0633 68.8554
-126.2 -71.0633 68.8554
-126.2 -71.0633 68.8554
-126.2 -71.0633 68.8554
-133.28 -64.3375 69.1899
-132.312 -48.9761 49.4434
-132.312 -48.9761 49.4434
-119.067 -30.6807 32.2923
-125.22 -12.5686 21.5084
-125.22 -12.5686 21.5084
-125.22 -12.5686 21.5084
-125.22 -12.5686 21.5084
-126.33 -11.2311 21.364
-126.33 -11.2311 21.364
-126.33 -11.2311 21.364
-126.189 -11.3117 21.1173
-126.017 -11.2872 20.9438
-126.143 -11.4478 21.126
-126.525 -11.7639 21.6383
-126.57 -11.5375 21.563
-126.726 -11.6845 21.6562
-126.751 -11.8209 21.8111
-126.948 -11.5524 21.6846
