-8.59131e-05 -5.09534e-05 0.000108222
0.240139 0.107662 -0.201237
-0.0277902 -0.0591798 0.27306
0.0783833 -0.0106105 0.0781687
-0.0605716 -0.142412 0.384341
-0.246335 -0.242778 0.601991
-0.471719 -0.342197 0.985031
-0.498729 -0.400672 1.05074
-0.18435 -0.389065 0.92466
-0.0942457 -0.393317 0.862795
-0.0961723 -0.363008 0.857532
-0.160942 -0.397934 1.08362
0.0274496 -0.396608 1.03472
0.110399 -0.324834 0.925747
-0.0204532 -0.509798 1.35055
-0.0792885 -0.572634 1.56659
-0.114271 -0.589793 1.67944
-0.152873 -0.606029 1.72514
-0.161944 -0.603199 1.72931
-0.0714798 -0.640898 1.77791
-0.286236 -0.80787 2.11515
-0.447446 -0.908572 2.41814
-0.877633 -1.26374 3.22918
-0.889574 -1.30224 3.41329
-0.738057 -1.27823 3.32044
-0.732397 -1.28124 3.33119
-0.648883 -1.24133 3.36565
-0.532593 -1.2545 3.36296
-0.679446 -1.22884 3.4035
-0.586778 -1.25011 3.63237
-0.688172 -1.50182 4.24904
-0.782001 -1.41626 4.00961
-0.737603 -1.44855 4.17297
-0.670703 -1.40922 4.09771
-0.694748 -1.4204 4.037
-0.645464 -1.41878 4.06409
-0.518298 -1.39789 4.02166
-0.473063 -1.40092 4.00472
-2.3651 -2.99717 8.23099
-2.74442 -2.61195 8.31743
-2.76236 -3.10191 8.72221
-0.371772 -4.37289 12.4935
3.50928 -2.49194 6.91023
3.88624 -2.94649 8.66172
5.36187 -2.2335 6.17903
7.49257 -1.02125 2.41867
8.47463 0.953996 -1.74998
-0.395612 -3.24754 10.6622
-0.395612 -3.24754 10.6622
1.38414 -3.39961 8.47219
2.10912 -3.61542 5.22632
-2.66133 -10.0614 10.9878
-4.8767 -13.0296 9.85478
-13.9233 -19.1708 15.3
-24.0351 -22.8456 23.0065
-29.2095 -25.0586 21.2034
-29.2095 -25.0586 21.2034
-39.7504 -25.4502 21.4603
-45.2287 -25.3132 19.5156
-57.6905 -27.8879 24.8813
-57.6905 -27.8879 24.8813
-64.6682 -27.6489 21.2829
-69.5816 -26.1169 15.1174
-69.5816 -26.1169 15.1174
-71.2739 -28.6168 23.2577
-79.8144 -32.5611 34.215
-79.8144 -32.5611 34.215
-91.4517 -37.1719 41.1444
-102.206 -40.85 45.9955
-102.206 -40.85 45.9955
-110.838 -43.5281 47.2217
-114.647 -44.1905 50.1998
-124.273 -41.1333 52.6641
-133.938 -40.7829 59.2021
-133.938 -40.7829 59.2021
-144.448 -41.1971 58.4554
-155.831 -42.3356 55.6179
-165.033 -45.0603 59.0896
-172.049 -45.3547 60.3613
-172.049 -45.3547 60.3613
-172.049 -45.3547 60.3613
-180.701 -45.9237 64.0189
-180.701 -45.9237 64.0189
-195.294 -50.9294 77.5534
-207.793 -54.7007 88.309
-219.93 -58.4171 98.0387
-219.93 -58.4171 98.0387
-227.851 -60.0354 100.8
-227.851 -60.0354 100.8
-235.967 -63.1498 109.994
-244.883 -64.3612 111.476
-257.94 -68.2387 119.267
-262.08 -66.0847 115.45
-276.221 -69.3889 123.35
-276.221 -69.3889 123.35
-288.757 -71.5264 130.435
-288.757 -71.5264 130.435
-288.757 -71.5264 130.435
-288.757 -71.5264 130.435
-305.449 -77.5132 138.558
-314.531 -82.0283 142.851
-314.531 -82.0283 142.851
-323.062 -84.0013 143.795
-323.062 -84.0013 143.795
-330.074 -84.3616 140.74
-330.074 -84.3616 140.74
-330.074 -84.3616 140.74
-342.478 -87.8213 143.842
-342.478 -87.8213 143.842
-353.993 -91.7625 148.416
-353.993 -91.7625 148.416
-353.993 -91.7625 148.416
-365.538 -92.4043 153.699
-365.538 -92.4043 153.699
-376.977 -89.3519 157.111
-386.911 -90.1818 162.875
-395.844 -87.9605 165.547
-404.629 -86.5809 170.06
-409.569 -83.7689 171.421
-409.569 -83.7689 171.421
-412.465 -84.6431 172.847
-412.465 -84.6431 172.847
-419.21 -89.5163 180.412
-424.469 -92.3357 184.688
-424.469 -92.3357 184.688
-436.107 -99.7707 197.026
-436.107 -99.7707 197.026
-450.16 -111.776 210.601
-450.16 -111.776 210.601
-450.16 -111.776 210.601
-457.254 -119.69 224.597
-467.617 -127.569 235.309
-467.617 -127.569 235.309
-470.569 -132.079 238.631
-470.569 -132.079 238.631
-464.086 -131.364 243.654
-464.086 -131.364 243.654
-464.086 -131.364 243.654
-464.086 -131.364 243.654
-474.021 -137.131 254.013
-484.262 -146.079 266.63
-484.262 -146.079 266.63
-496.202 -154.27 283.195
-505.439 -162.076 301.241
-505.439 -162.076 301.241
-505.439 -162.076 301.241
-505.439 -162.076 301.241
-505.439 -162.076 301.241
-505.439 -162.076 301.241
-518.927 -170.684 314.387
-533.205 -178.581 330.602
-533.205 -178.581 330.602
-542.65 -183.643 333.838
-542.65 -183.643 333.838
-533.171 -190.302 319.509
-533.171 -190.302 319.509
-533.171 -190.302 319.509
-533.171 -190.302 319.509
-533.171 -190.302 319.509
-548.044 -193.991 330.357
-559.892 -196.291 332.996
-559.892 -196.291 332.996
-568.428 -202.124 344.366
-570.594 -203.274 341.408
-570.387 -204.756 344.174
-568.585 -202.362 337.773
-566.369 -202.325 333.803
-566.369 -202.325 333.803
-562.647 -206.206 343.564
-550.205 -203.117 328.652
-548.457 -203.712 328.038
-548.457 -203.712 328.038
-547.842 -205.49 334.87
-535.577 -201.907 317.691
-529.05 -200.744 311.492
-514.42 -199.082 305.162
-514.42 -199.082 305.162
-514.42 -199.082 305.162
-514.42 -199.082 305.162
-514.42 -199.082 305.162
-514.42 -199.082 305.162
-498.858 -195.886 299.091
-498.858 -195.886 299.091
-481.901 -191.712 292.359
-481.901 -191.712 292.359
-481.901 -191.712 292.359
-468.191 -188.138 287.825
-468.191 -188.138 287.825
-468.191 -188.138 287.825
-468.191 -188.138 287.825
-454.961 -185.437 285.678
-443.098 -183.162 284.069
-427.363 -179.163 278.403
-416.409 -176.668 273.417
-403.427 -173.172 267.319
-395.315 -171.023 263.491
-395.315 -171.023 263.491
-386.607 -167.973 258.377
-372.129 -163.217 252.713
-363.359 -160.037 249.923
-353.431 -157.285 248.954
-346.55 -156.941 251.156
-337.359 -153.324 245.998
-330.508 -152.374 245.411
-330.508 -152.374 245.411
-321.112 -150.167 243.211
-314.853 -150.445 244.092
-314.853 -150.445 244.092
-305.385 -147.503 239.207
-292.696 -144.293 233.235
-284.072 -141.876 227.991
-271.809 -138.354 221.717
-271.809 -138.354 221.717
-260.33 -132.949 212.947
-252.327 -131.522 209.843
-244.381 -129.742 206.011
-236.191 -124.963 200.898
-236.191 -124.963 200.898
-223.402 -118.677 191.28
-217.739 -118.187 193.032
-217.739 -118.187 193.032
-208.788 -115.774 190.88
-202.345 -114.371 188.868
-191.774 -109.799 182.627
-191.774 -109.799 182.627
-185.244 -105.821 179.765
-183.831 -105.466 180.302
-184.305 -104.869 179.886
-186.081 -106.332 180.234
-186.805 -106.504 180.154
-177.322 -99.8564 165.697
-165.257 -89.5987 148.867
-165.257 -89.5987 148.867
-153.429 -82.0801 132.135
-153.429 -82.0801 132.135
-153.429 -82.0801 132.135
-153.429 -82.0801 132.135
-153.429 -82.0801 132.135
-153.429 -82.0801 132.135
-153.429 -82.0801 132.135
-146.427 -77.1608 121.296
-140.46 -72.5985 110.02
-132.938 -67.2456 99.0637
-123.645 -59.718 85.8585
-123.645 -59.718 85.8585
-123.645 -59.718 85.8585
-123.645 -59.718 85.8585
-111.147 -49.4292 69.6726
-100.312 -39.2448 53.8745
-87.0248 -26.6418 35.0666
-78.2704 -18.3585 27.9147
-75.855 -9.03507 23.5358
-63.8684 1.97342 8.7278
-75.2299 1.55796 20.8087
-75.2299 1.55796 20.8087
-58.3389 8.95557 5.22407
-58.3389 8.95557 5.22407
-58.3389 8.95557 5.22407
-54.4646 17.8058 -4.23996
-54.4646 17.8058 -4.23996
-54.584 19.01 -2.64788
-44.3732 23.8577 -12.5386
-44.3449 23.683 -15.8486
-44.3449 23.683 -15.8486
-44.3449 23.683 -15.8486
-44.3449 23.683 -15.8486
-54.8956 12.3839 2.03834
-54.8956 12.3839 2.03834
-60.6167 13.3155 7.69859
-60.6167 13.3155 7.69859
-60.221 15.0066 6.11456
-60.363 15.3701 5.39569
-50.9628 21.7824 -12.3887
-49.0027 22.4857 -18.3992
-49.0027 22.4857 -18.3992
-48.7608 21.3106 -15.9288
-36.5902 26.9232 -32.7156
-36.5902 26.9232 -32.7156
-36.5902 26.9232 -32.7156
-32.9816 30.2311 -37.7856
-36.2142 27.0336 -35.2054
-33.4533 28.4377 -42.0836
-33.4533 28.4377 -42.0836
-35.6574 29.628 -44.488
-40.4607 26.5461 -41.7178
-30.5089 35.5709 -56.3546
-29.179 35.9033 -61.9614
-27.6595 35.8157 -65.0666
-28.3395 36.176 -59.7708
-25.2037 38.3786 -63.4175
-25.2037 38.3786 -63.4175
-26.1765 40.5781 -64.4121
-27.0817 40.0756 -65.7495
-27.0817 40.0756 -65.7495
-27.7982 40.1814 -59.9789
-27.7982 40.1814 -59.9789
-27.7982 40.1814 -59.9789
-27.7982 40.1814 -59.9789
-27.6613 41.1909 -58.2329
-26.8874 41.3831 -57.383
-25.513 44.3053 -65.9832
-25.513 44.3053 -65.9832
-23.6052 46.3346 -70.8339
-21.472 48.2377 -71.6731
-26.3629 43.7591 -61.7929
-29.017 45.295 -62.3237
-29.017 45.295 -62.3237
-30.6443 43.4718 -55.9221
-30.6443 43.4718 -55.9221
-24.4865 50.5 -68.5539
-24.6257 46.8371 -73.6633
-24.6257 46.8371 -73.6633
-24.5973 46.8351 -72.9858
-24.5973 46.8351 -72.9858
-24.5973 46.8351 -72.9858
-24.5973 46.8351 -72.9858
-24.5973 46.8351 -72.9858
-24.5973 46.8351 -72.9858
-18.1691 53.5558 -83.7614
-14.8269 55.6107 -88.7914
-14.8269 55.6107 -88.7914
-19.8616 55.7722 -83.9513
-27.238 51.3307 -74.9928
-27.238 51.3307 -74.9928
-27.238 51.3307 -74.9928
-27.238 51.3307 -74.9928
-27.238 51.3307 -74.9928
-27.238 51.3307 -74.9928
-27.238 51.3307 -74.9928
-27.238 51.3307 -74.9928
-27.238 51.3307 -74.9928
-27.238 51.3307 -74.9928
-27.238 51.3307 -74.9928
-27.238 51.3307 -74.9928
-27.238 51.3307 -74.9928
-27.238 51.3307 -74.9928
-33.3303 49.8462 -67.0611
-31.5075 48.6579 -72.1172
-32.4042 49.0241 -74.0441
-32.8011 49.5296 -75.6477
-32.8011 49.5296 -75.6477
-32.8011 49.5296 -75.6477
-32.8011 49.5296 -75.6477
-32.8011 49.5296 -75.6477
-32.8011 49.5296 -75.6477
-32.4306 49.8088 -74.8922
-32.147 48.5373 -73.5998
-32.147 48.5373 -73.5998
-35.1082 47.6305 -73.8213
-36.5978 47.4759 -71.6576
-41.5224 44.9892 -65.8177
-43.9146 42.6792 -61.9311
-46.246 39.6199 -57.1762
-47.6809 40.6904 -58.834
-48.3929 43.6174 -63.9132
-46.1978 50.0708 -79.973
-46.8153 50.1681 -81.2002
-46.8153 50.1681 -81.2002
-43.9714 53.2488 -87.1812
-46.0216 48.6654 -86.067
-46.0216 48.6654 -86.067
-41.7865 50.6894 -91.1992
-57.4151 45.6467 -71.3965
-65.5473 43.1626 -62.0233
-80.0461 35.4763 -43.3548
-80.0461 35.4763 -43.3548
