0 0 0
-0.530387 -0.130189 0.750138
-0.255353 0.0241271 0.547221
-0.659677 -0.0832075 1.11628
-0.766272 -0.0805586 1.20737
-0.667467 -0.179977 1.14654
-0.724359 -0.150686 1.08205
-0.766857 -0.197593 1.21789
-0.789422 -0.193329 1.31429
-0.932667 -0.265961 1.32091
-0.869749 -0.181968 1.24924
-0.947931 -0.114603 1.45707
-0.840205 -0.133391 1.38958
-1.03333 -0.197488 1.50259
-1.31761 -0.305071 1.92913
-1.29989 -0.234888 1.93855
-1.59544 -0.364501 2.32124
-1.50115 -0.260702 2.26051
-1.92296 -0.418179 2.63177
-1.80862 -0.379427 2.57219
-1.50527 -0.192444 2.28217
-1.24855 -0.163631 1.90224
-1.64611 -0.261271 2.30278
-1.30532 -0.247089 1.92163
-1.96605 -0.364209 2.58508
-1.58321 -0.229902 2.38502
-1.68142 -0.235743 2.48605
-1.52294 -0.223185 2.11062
-1.5963 -0.154355 2.51298
-1.76563 -0.23239 2.62328
-1.406 -0.204429 2.21156
-1.47913 -0.238293 2.33963
-1.9288 -0.294817 2.76954
-2.25202 -0.363574 3.2681
-1.82275 -0.186374 2.82528
-1.73992 -0.254531 2.73225
-2.10896 -0.361375 3.00921
-1.88637 -0.356194 2.66707
-2.05563 -0.429267 2.96953
-1.91935 -0.305455 2.89402
-1.84838 -0.327183 2.85915
-1.72662 -0.282649 2.86521
-2.17203 -0.38578 3.25938
-2.06008 -0.424359 3.0464
-1.92921 -0.368396 2.99385
-2.10774 -0.436324 3.14194
-2.55017 -0.458428 3.87021
-2.23082 -0.345363 3.30483
-2.23082 -0.345363 3.30483
-2.59742 -0.451383 3.92917
-2.90637 -0.564506 4.23188
-2.70765 -0.502393 3.81277
-2.74383 -0.521589 4.14876
-2.88615 -0.569888 4.10137
-2.91218 -0.539235 4.20719
-2.85077 -0.559324 4.2414
-2.98813 -0.649445 4.50372
-3.13846 -0.509608 4.69058
-3.10189 -0.53808 4.4645
-3.33038 -0.613292 4.83171
-3.51301 -0.669234 4.83458
-3.33076 -0.671157 4.68876
-3.33673 -0.636568 4.78995
-3.48787 -0.650231 4.96133
-3.27366 -0.630516 4.65769
-3.57514 -0.662508 5.01241
-3.23279 -0.498882 4.67075
-3.48822 -0.64193 4.94424
-3.26913 -0.554564 4.75366
-3.33938 -0.585325 4.69798
-3.1527 -0.443348 4.75611
-3.23093 -0.587693 4.82793
-3.42134 -0.470261 4.8348
-3.27524 -0.520893 4.59919
-3.00653 -0.394925 4.25006
-3.09488 -0.427611 4.64114
-3.34136 -0.422655 4.84673
-3.40736 -0.483112 4.84295
-3.1843 -0.360635 4.90251
-3.18255 -0.360925 4.68837
-3.30638 -0.508244 4.96633
-3.45683 -0.380836 5.02347
-3.25103 -0.438323 4.64082
-3.49663 -0.484938 5.08141
-3.49353 -0.513409 5.06228
-3.46856 -0.592222 5.12139
-3.62718 -0.596463 5.1262
-3.61742 -0.509482 5.34138
-3.54726 -0.463579 5.10064
-3.52308 -0.500769 5.09955
-3.54258 -0.496741 5.07735
-3.19048 -0.386019 4.8906
-4.44468 -0.670377 5.96928
-4.39359 -0.617361 5.98379
-3.41906 -0.756269 5.67354
-1.42284 -0.385906 3.52377
5.3146 3.25061 -6.54972
16.2661 8.76518 -21.1625
16.2661 8.76518 -21.1625
11.2324 9.67756 -18.8707
6.66808 7.20442 -14.876
9.5363 6.51343 -24.582
4.21817 4.60078 -23.4679
-0.0750842 4.90857 -25.988
-2.78629 1.56681 -27.9972
-0.517251 2.90912 -40.2119
2.23683 5.41965 -54.4173
2.23683 5.41965 -54.4173
-4.70333 0.576928 -60.8288
-4.70333 0.576928 -60.8288
-3.48632 1.5304 -74.7116
-3.20938 5.20877 -91.4812
-13.0598 1.46476 -90.707
-16.1745 0.152802 -103.362
-24.0715 -4.71001 -105.382
-24.0715 -4.71001 -105.382
-24.0715 -4.71001 -105.382
-24.0715 -4.71001 -105.382
-36.5763 -8.93623 -108.382
-47.1652 -12.0055 -95.7085
-59.9667 -13.1263 -86.0943
-59.9667 -13.1263 -86.0943
-70.1313 -12.3747 -98.3304
-70.1313 -12.3747 -98.3304
-70.1313 -12.3747 -98.3304
-70.1313 -12.3747 -98.3304
-74.2043 -8.90758 -108.615
-79.4027 -5.49951 -121.65
-88.9399 -8.29571 -120.304
-104.336 -12.8923 -112.382
-104.336 -12.8923 -112.382
-104.336 -12.8923 -112.382
-104.336 -12.8923 -112.382
-116.463 -14.5279 -100.807
-133.839 -17.5003 -92.0586
-133.839 -17.5003 -92.0586
-133.839 -17.5003 -92.0586
-122.538 -9.67948 -109.743
-122.538 -9.67948 -109.743
-135.326 -8.26249 -97.326
-148.062 -4.52793 -95.5212
-157.482 -5.2709 -90.484
-163.31 -9.98561 -86.8658
-163.31 -9.98561 -86.8658
-147.32 -5.1823 -96.0558
-147.478 1.86644 -108.375
-144.835 2.74033 -112.127
-145.607 3.47061 -109.176
-154.178 0.96132 -107.17
-163.832 -3.85331 -97.6177
-165.66 -5.31205 -95.7824
-171.278 -6.81969 -90.4782
-172.513 -7.94737 -89.918
-171.008 -7.82011 -88.9658
-170.963 -10.5666 -89.3228
-167.209 -13.2924 -91.589
-167.555 -17.6043 -86.2279
-161.315 -21.3441 -91.6074
-142.889 -20.5656 -109.528
-142.889 -20.5656 -109.528
-138.384 -23.2506 -114.587
-131.293 -27.9385 -122.598
-127.947 -33.5597 -126.081
-130.035 -43.4292 -115.962
-128.068 -52.7298 -117.543
-124.754 -64.6442 -117.798
-118.995 -71.3868 -122.653
-103.222 -72.0386 -142.366
-93.8811 -73.703 -153.627
-91.2519 -80.4998 -152.818
-85.1306 -84.5755 -154.764
-85.6849 -96.4681 -151.862
-79.9681 -107.584 -156.377
-69.0359 -110.322 -166.394
-58.7251 -116.014 -180.423
-55.0926 -123.093 -187.811
-63.7223 -132.568 -176.206
-72.1495 -141.37 -162.786
-80.6924 -149.85 -150.024
-86.7531 -157.261 -144.518
-96.5636 -167.488 -131.673
-95.9756 -170.015 -131.602
-100.094 -175.349 -125.199
-101.852 -180.943 -121.576
-101.852 -180.943 -121.576
-104.223 -186.367 -117.194
-102.469 -190.463 -118.943
-102.858 -192.901 -115.82
-100.646 -192.572 -116.151
-97.4766 -196.646 -119.433
-97.7373 -203.642 -118.678
-99.8338 -212.168 -117.342
-99.7962 -217.108 -114.336
-96.5821 -218.577 -117.138
-83.4661 -217.503 -135.285
-77.6241 -217.907 -140.748
-71.0735 -221.614 -148.681
-64.2975 -224.607 -157.193
-58.9378 -225.241 -163.66
-58.6414 -225.548 -165.084
-62.3254 -226.018 -162.284
-61.1841 -226.151 -163.146
-61.9485 -225.382 -158.725
-55.5471 -222.355 -165.025
-53.3831 -222.923 -166.755
-48.2009 -223.7 -170.986
-38.1584 -222.824 -179.44
-33.6238 -222.292 -180.782
-23.8468 -221.95 -186.7
-8.47357 -219.129 -195.811
3.14352 -216.5 -204.638
17.3467 -214.134 -214.739
17.3467 -214.134 -214.739
30.7695 -210.456 -227.027
30.7695 -210.456 -227.027
40.6421 -208.962 -235.343
45.2264 -210.316 -238.652
49.747 -208.252 -239.199
56.7198 -203.975 -243.041
69.8063 -199.264 -252.955
77.5647 -196.443 -258.715
82.839 -196.147 -259.074
86.1161 -195.749 -259.819
96.1613 -191.294 -266.952
105.036 -187.495 -276.377
109.973 -182.042 -275.241
113.477 -180.572 -273.854
117.911 -179.277 -274.998
127.719 -174.988 -282.115
136.662 -173.645 -288.997
141.572 -169.896 -291.49
144.294 -167.521 -291.225
150.705 -163.981 -298.137
152.358 -161.809 -296.036
154.985 -159.314 -292.527
159.56 -157.953 -294.101
166.332 -157.14 -300.232
168.761 -154.6 -298.786
164.412 -152.86 -286.233
163.258 -151.425 -278.514
157.719 -151.172 -263.781
162.388 -146.477 -265.633
159.308 -145 -255.156
152.366 -144.657 -234.838
152.366 -144.657 -234.838
152.366 -144.657 -234.838
152.366 -144.657 -234.838
155.9 -142.449 -236.122
169.628 -136.736 -251.08
175.048 -129.614 -251.909
194.499 -122.497 -271.652
194.368 -118.054 -265.209
190.638 -119.594 -255.571
204.656 -120.354 -275.641
206.086 -121.171 -273.243
213.948 -112.867 -278.533
213.948 -112.867 -278.533
213.507 -110.433 -274.108
206.937 -109.088 -260.363
198.805 -108.208 -246.705
196.371 -107.965 -237.035
201.462 -108.907 -241.294
211.584 -104.662 -247.507
222.258 -101.148 -255.877
228.759 -98.2872 -258.145
237.334 -96.9406 -266.863
248.372 -91.3498 -276.606
249.183 -84.3629 -273.611
263.528 -80.2123 -289.632
276.78 -75.2222 -302.777
279.18 -71.2172 -297.756
277.33 -71.4558 -291.948
272.335 -73.747 -280.796
286.793 -64.7989 -291.288
301.115 -53.2776 -302.658
302.771 -45.8973 -297.622
303.08 -38.6379 -285.312
298.646 -35.3891 -275.571
291.494 -30.8905 -262.443
288.642 -23.0104 -253.392
287.173 -13.4223 -247.274
284.12 -0.76423 -240.242
270.337 3.53774 -219.986
260.458 9.23083 -201.412
258.496 22.3001 -196.65
258.521 29.0567 -198.253
259.553 34.8881 -200.294
264.317 43.2531 -206.648
254.796 45.3978 -189.564
258.239 49.9078 -190.902
254.437 53.4583 -180.41
254.437 53.4583 -180.41
246.961 54.2121 -165.924
259.997 61.5642 -180.698
255.847 64.1165 -177.027
255.847 64.1165 -177.027
255.847 64.1165 -177.027
255.614 57.3782 -178.79
254.893 56.9734 -178.004
255.013 57.0015 -178.124
256.284 57.3877 -179.316
255.804 57.4092 -178.516
255.427 57.4697 -178.18
255.249 57.4678 -177.923
255.19 57.5695 -178.011
255.292 57.5914 -178.255
255.168 57.5338 -177.907
254.988 57.5445 -177.554
255.18 57.553 -177.776
254.952 57.5465 -177.434
254.88 57.5489 -177.217
254.925 57.5263 -177.288
254.968 57.5072 -177.497
254.666 57.4771 -177.01
254.642 57.4053 -176.816
254.498 57.4282 -176.671
254.615 57.4793 -176.929
254.823 57.4567 -177.217
254.73 57.4764 -177.077
254.553 57.425 -176.86
254.602 57.4041 -176.929
