0.0135916 0.0390073 -0.0552885
-0.0119699 0.0455802 -0.00174671
0.0228886 0.0170063 -0.112602
0.0787468 0.0305227 -0.288014
-0.0144127 0.0305333 -0.145936
-0.0772605 0.0376709 -0.0753724
1.00602 0.26304 -2.13042
0.9904 0.265935 -2.10739
0.928532 0.250217 -1.99862
1.00513 0.262588 -2.06038
1.16379 0.267982 -2.28367
1.00573 0.237296 -1.91971
1.02922 0.290056 -2.03199
1.16722 0.309176 -2.27356
1.07957 0.285254 -2.04641
1.17395 0.307806 -2.15618
1.15325 0.297069 -2.11903
1.08507 0.279298 -1.92604
1.14595 0.296201 -2.05373
1.24672 0.323616 -2.21194
1.09697 0.310722 -1.97828
1.07339 0.291396 -1.93439
1.05699 0.29246 -1.94176
1.04965 0.274533 -1.94422
1.06731 0.302063 -1.9592
1.2092 0.330016 -2.23996
1.10673 0.301247 -2.07684
1.09412 0.290266 -2.0199
1.18697 0.28783 -2.15494
0.928013 0.259314 -1.72613
1.0334 0.292961 -1.97631
1.04208 0.314383 -2.003
1.10617 0.329013 -2.14598
1.08591 0.318281 -2.05857
1.06776 0.300052 -2.07835
0.998252 0.252132 -1.95535
0.967483 0.261658 -1.9411
0.966785 0.274153 -1.95709
0.96604 0.23813 -1.95039
0.9771 0.241562 -1.97148
0.971143 0.271941 -2.00765
0.992031 0.300088 -1.98099
0.988696 0.311546 -2.01665
1.07353 0.295095 -2.09909
1.16289 0.285143 -2.09298
0.637172 0.268738 -1.73251
0.897397 0.378504 -1.94229
1.07839 0.227739 -1.75043
5.4131 3.68152 -8.38146
12.1509 9.47671 -20.037
13.1497 11.5982 -21.9953
12.8527 12.1142 -21.634
13.4567 14.353 -23.7517
15.4479 16.8162 -26.8837
18.1417 19.6856 -30.3664
17.085 19.4134 -28.3161
14.0714 14.4293 -18.3787
15.0131 16.9397 -21.3585
12.1484 14.8689 -21.5994
14.2722 18.275 -29.2761
8.18391 16.6401 -27.5455
6.25763 17.9204 -31.9854
3.68889 17.5906 -33.371
-6.74856 14.7281 -31.5201
-18.4885 13.2859 -27.556
-26.2739 10.633 -24.5179
-32.4031 8.98595 -23.8649
-39.7649 6.76492 -23.2159
-45.8453 6.85252 -25.2574
-53.7089 5.64421 -26.4967
-57.8181 5.86079 -29.3472
-57.8181 5.86079 -29.3472
-53.9141 5.12214 -39.4837
-53.9141 5.12214 -39.4837
-40.0202 7.15159 -54.0773
-33.7825 11.8196 -73.0743
-34.5084 15.4261 -81.1444
-31.4464 18.4619 -94.113
-21.3276 22.0225 -109.114
-21.3276 22.0225 -109.114
-16.3621 22.2358 -128.1
-27.7678 17.2449 -116.759
-27.7678 17.2449 -116.759
-27.7678 17.2449 -116.759
-27.7678 17.2449 -116.759
-27.7678 17.2449 -116.759
-27.7678 17.2449 -116.759
-27.7678 17.2449 -116.759
-34.4857 15.1147 -120.645
-38.3692 15.6669 -133.355
-38.3692 15.6669 -133.355
-38.3692 15.6669 -133.355
-48.3282 13.7885 -129.145
-52.4635 13.6752 -136.968
-54.7349 13.4781 -141.908
-54.7349 13.4781 -141.908
-54.7349 13.4781 -141.908
-55.3261 14.0908 -156.604
-66.1429 10.2231 -148.249
-69.1883 9.35069 -160.639
-69.1883 9.35069 -160.639
-59.6077 7.46066 -179.712
-59.6077 7.46066 -179.712
-66.3241 3.61192 -177.1
-80.5778 -1.26125 -162.147
-90.5672 -7.16453 -153.445
-104.803 -13.0878 -133.834
-106.764 -19.9855 -131.186
-114.046 -23.5199 -118.269
-121.043 -26.4718 -109.48
-130.517 -32.0802 -96.0553
-134.644 -34.48 -91.0942
-145.322 -40.473 -70.3095
-145.322 -40.473 -70.3095
-150.418 -44.6187 -58.6408
-157.431 -48.88 -45.116
-164.784 -53.2844 -31.5165
-172.85 -57.8201 -16.8658
-172.85 -57.8201 -16.8658
-179.803 -61.6196 -3.08428
-183.443 -63.8137 4.56114
-183.443 -63.8137 4.56114
-190.346 -66.8853 16.69
-190.346 -66.8853 16.69
-196.622 -70.3019 27.3588
-196.622 -70.3019 27.3588
-202.916 -74.4132 40.0696
-209.857 -79.1531 57.0819
-215.111 -84.4154 74.0509
-216.658 -85.6701 81.1615
-217.651 -87.5189 88.2061
-225.277 -95.6741 109.53
-224.173 -91.7934 108.49
-218.931 -88.7855 106.925
-218.931 -88.7855 106.925
-218.327 -87.5664 106.143
-218.327 -87.5664 106.143
-227.068 -91.5258 125.822
-230.123 -93.9929 134.466
-237.896 -98.9265 154.662
-241.979 -103.158 169.925
-244.341 -104.131 179.879
-244.341 -104.131 179.879
-244.717 -105.361 186.602
-242.843 -105.254 188.935
-238.521 -104.175 189.048
-233.741 -102.24 186.96
-226.144 -98.6679 185.005
-215.609 -94.2814 180.875
-204.649 -88.6576 171.816
-195.147 -83.8825 170.732
-187.862 -81.4803 167.858
-179.639 -77.8302 162.337
-175.852 -77.3096 163.352
-175.091 -76.8375 164.701
-173.504 -77.8692 168.748
-168.499 -75.4897 167.497
-163.341 -74.714 168.997
-157.344 -73.9994 169.551
-150.69 -71.6425 165.998
-142.056 -67.5011 159.43
-135.046 -64.6033 155.181
-130.908 -62.7406 153.393
-128.553 -61.8543 155.856
-125.282 -61.3362 158.073
-121.616 -61.0442 159.003
-115.663 -60.2866 158.137
-115.663 -60.2866 158.137
-111.659 -60.0583 160.226
-111.659 -60.0583 160.226
-112.94 -62.3835 169.051
-109.724 -62.039 169.478
-101.921 -60.4561 165.554
-101.921 -60.4561 165.554
-97.2213 -60.3035 166.402
-88.6758 -58.2193 160.333
-75.1244 -54.1625 146.752
-70.0434 -53.5245 148.137
-56.3308 -49.2781 135.086
-56.3308 -49.2781 135.086
-40.089 -45.6467 120.131
-40.089 -45.6467 120.131
-37.4656 -45.4583 121.273
-37.4656 -45.4583 121.273
-22.0799 -40.7449 109.149
-3.67356 -34.403 89.5825
-3.67356 -34.403 89.5825
13.2324 -28.9708 71.7207
23.0198 -25.4705 60.9167
30.9023 -22.783 50.9954
35.6366 -20.8528 44.8341
39.7132 -18.3271 40.7973
48.161 -14.8503 29.1268
56.3899 -11.8706 19.6014
62.0437 -10.136 13.2185
72.3827 -6.63144 0.779685
79.6671 -4.0401 -7.03038
84.6912 -1.58495 -13.0705
88.4049 0.246562 -17.5631
83.7809 0.577091 -11.1615
89.045 2.62432 -18.2935
91.9248 4.36705 -22.0928
101.447 8.62114 -34.4804
101.447 8.62114 -34.4804
110.834 12.6388 -45.6631
115.474 16.5759 -52.1611
118.166 19.0605 -55.9086
118.166 19.0605 -55.9086
114.433 16.6502 -51.2246
115.416 16.5252 -52.3935
115.296 17.105 -52.5411
112.796 18.0154 -48.861
104.787 15.0456 -36.1334
104.787 15.0456 -36.1334
95.3143 11.0876 -23.2313
90.7767 6.54242 -15.9142
86.4824 4.11618 -10.3374
77.5361 -0.398862 1.51035
73.1612 -3.47915 7.18848
66.3337 -4.57607 13.24
67.6587 -3.27792 7.56364
69.4961 -1.99374 1.7604
67.6656 -1.0776 -0.397218
62.747 1.08845 -0.270576
54.306 2.9764 1.81156
41.4837 4.22249 8.5711
44.9058 4.23268 -5.82236
42.6344 5.2816 -5.78492
37.1469 8.96863 -7.95371
40.1856 13.5644 -17.314
39.8781 20.0403 -26.7768
40.1523 25.3494 -38.1423
40.1523 25.3494 -38.1423
29.6886 29.2027 -36.4018
24.156 31.7987 -41.0735
20.8571 30.8072 -45.753
24.9111 31.7191 -57.0734
23.481 34.782 -63.7472
23.481 34.782 -63.7472
24.8572 41.164 -76.6928
24.5253 48.0533 -87.3387
18.2478 49.4946 -89.07
10.1714 50.8038 -90.8836
5.79057 54.6541 -98.0028
-2.78785 53.1355 -98.8663
-0.0995507 59.2101 -112.609
-3.26282 61.8418 -118.017
-6.31858 64.4775 -120.888
-11.1092 65.4177 -123.503
-16.0319 67.6834 -122.93
-25.0363 62.772 -114.299
-31.3306 56.6085 -104.836
-31.3068 56.8395 -105.353
-31.3068 56.8395 -105.353
-27.1955 60.0183 -112.622
-26.372 59.8755 -113.601
-28.2587 57.2986 -111.01
-28.2587 57.2986 -111.01
-14.3625 61.2822 -122.768
-7.47071 65.0717 -134.336
1.99496 65.2451 -144.403
10.299 72.0747 -163.497
19.6755 74.6795 -179.926
19.6755 74.6795 -179.926
19.6755 74.6795 -179.926
19.6755 74.6795 -179.926
28.4009 78.0187 -194.273
28.4009 78.0187 -194.273
27.5225 76.2209 -193.631
27.5225 76.2209 -193.631
26.3231 75.9566 -194.768
26.3231 75.9566 -194.768
26.3231 75.9566 -194.768
26.3231 75.9566 -194.768
26.3231 75.9566 -194.768
26.3231 75.9566 -194.768
26.3231 75.9566 -194.768
26.3231 75.9566 -194.768
26.3231 75.9566 -194.768
42.3675 77.9774 -211.227
42.3675 77.9774 -211.227
42.3675 77.9774 -211.227
54.1741 65.8963 -216.689
54.1741 65.8963 -216.689
54.1741 65.8963 -216.689
64.4694 62.352 -222.723
74.8471 59.1961 -227.028
84.9614 59.0047 -234.184
89.7472 54.3661 -235.487
95.0992 52.0292 -236.017
102.979 51.328 -239.982
104.846 47.028 -237.476
110.117 47.6768 -242.718
111.569 44.4494 -240.618
110.325 39.6826 -231.861
112.167 39.8705 -229.071
112.387 43.7158 -236.295
112.754 43.4879 -243.876
112.754 43.4879 -243.876
112.754 43.4879 -243.876
104.479 53.8504 -246.723
104.479 53.8504 -246.723
104.479 53.8504 -246.723
104.479 53.8504 -246.723
104.479 53.8504 -246.723
104.479 53.8504 -246.723
104.479 53.8504 -246.723
104.479 53.8504 -246.723
100.077 55.9944 -244.661
85.2337 54.9445 -227.778
85.2337 54.9445 -227.778
85.2337 54.9445 -227.778
85.2337 54.9445 -227.778
85.2337 54.9445 -227.778
91.8926 55.3014 -240.103
91.8926 55.3014 -240.103
91.8926 55.3014 -240.103
87.588 52.4584 -229.097
87.588 52.4584 -229.097
87.588 52.4584 -229.097
80.5704 50.8518 -226.609
80.5704 50.8518 -226.609
75.9367 49.4685 -219.553
75.9367 49.4685 -219.553
80.6301 51.1412 -224.94
88.1079 56.0807 -238.626
82.2205 51.9012 -227.231
73.4697 46.9159 -212.408
64.3874 46.8417 -199.537
63.008 47.3086 -197.374
60.2614 46.4895 -194.601
63.2949 48.7962 -203.862
63.2949 48.7962 -203.862
63.2949 48.7962 -203.862
63.2949 48.7962 -203.862
63.2949 48.7962 -203.862
63.2949 48.7962 -203.862
63.2949 48.7962 -203.862
63.2949 48.7962 -203.862
63.2949 48.7962 -203.862
65.1729 46.855 -198.072
70.4931 51.3891 -196.102
60.9214 49.3146 -190.62
60.9214 49.3146 -190.62
60.9214 49.3146 -190.62
60.9214 49.3146 -190.62
57.897 49.0318 -189.069
57.8242 49.1485 -189.581
59.2924 50.7879 -192.912
59.7443 50.1174 -192.944
59.2714 50.2121 -192.477
59.5587 50.3238 -192.785
59.4827 50.3542 -192.67
59.4891 50.3756 -192.672
59.5155 50.3336 -192.673
59.4114 50.2865 -192.504
59.3191 50.2435 -192.318
59.2842 50.2207 -192.194
59.2656 50.2443 -192.241
59.4529 50.2716 -192.719
59.3588 50.2771 -192.669
59.4545 50.2852 -192.878
59.6261 50.3253 -193.089
59.6647 50.3146 -193.116
59.5574 50.27 -193.065
59.5849 50.296 -193.213
59.5411 50.2911 -193.203
59.5459 50.2663 -193.181
59.5343 50.2331 -193.157
59.6472 50.2269 -193.312
59.6725 50.2286 -193.294
59.6241 50.2181 -193.135
59.6045 50.2175 -193.119
59.5801 50.2242 -193.084
59.6447 50.2426 -193.212
